0.000911
0.000547
0.000772
0.000552
0.000546
0.000999
0.001114
0.000561
0.000653
0.000549
0.000551
0.000550
0.000562
0.001224
0.000561
0.000573
0.000648
0.001237
0.000541
0.000554
0.000547
0.000556
0.000550
0.000569
0.000547
0.000540
0.000582
0.000579
0.000567
0.001226
0.000581
0.000544
0.000569
0.000586
0.000580
0.000550
0.000716
0.000568
0.001038
0.000565
0.000558
0.000547
0.000597
0.000553
0.000566
0.000547
0.001223
0.001223
0.000548
0.000550
0.000570
0.000553
0.001185
0.000568
0.000548
0.000560
0.000559
0.000545
0.000547
0.001011
0.000565
0.000557
0.001051
0.000573
0.000538
0.000543
0.000541
0.000561
0.000589
0.000560
0.000659
0.001194
0.000579
0.000543
0.000548
0.000538
0.001207
0.000550
0.000825
0.000843
0.000547
0.001459
0.001385
0.000550
0.000564
0.000544
0.000541
0.000560
0.000541
0.001405
0.000621
0.000582
0.000563
0.000609
0.000544
0.000547
0.000998
0.000561
0.001578
0.000552
0.001073
0.000927
0.000543
0.000548
0.000543
0.000550
0.000559
0.000568
0.000555
0.000585
0.000568
0.000542
0.000547
0.000546
0.000542
0.000589
0.000567
0.000543
0.000542
0.000563
0.000542
0.000547
0.000572
0.000568
0.000550
0.000544
0.000544
0.000575
0.001219
0.000757
0.000542
0.000542
0.000752
0.001224
0.000670
0.000543
0.000536
0.000550
0.000545
0.000544
0.000540
0.000566
0.000553
0.000566
0.000550
0.000566
0.000543
0.000566
0.000546
0.000563
0.000539
0.000540
0.000544
0.000541
0.000710
0.000571
0.001207
0.000668
0.000545
0.000559
0.000560
0.000541
0.000545
0.000541
0.000579
0.001559
0.000548
0.001438
0.000564
0.000546
0.000543
0.000545
0.000550
0.000544
0.000561
0.000810
0.000669
0.000661
0.000550
0.000560
0.000589
0.000545
0.000541
0.000627
0.000545
0.001249
0.000607
0.000548
0.000547
0.000551
0.000566
0.000717
0.000559
0.000571
0.000564
0.000558
0.000564
0.000538
0.000548
0.000545
0.000566
0.000721
0.000560
0.000560
0.000547
0.000559
0.000542
0.000542
0.000561
0.000544
0.000798
0.000575
0.001113
0.001127
0.000563
0.000545
0.000560
0.000773
0.000564
0.000774
0.000941
0.000546
0.000566
0.000562
0.000541
0.001167
0.001227
0.000551
0.000765
0.000546
0.000577
0.000723
0.001118
0.000566
0.001085
0.001234
0.000565
0.000544
0.000551
0.000552
0.001117
0.000539
0.000548
0.000552
0.000567
0.000782
0.000565
0.000543
0.000556
0.000805
0.000548
0.001159
0.000572
0.000543
0.000570
0.000857
0.000566
0.000545
0.000559
0.000787
0.000553
0.000570
0.000544
0.000545
0.000544
0.000561
0.000550
0.000530
0.000545
0.000559
0.000562
0.001415
0.000551
0.001128
0.000543
0.000538
0.000549
0.001154
0.000579
0.000743
0.000545
0.000560
0.000835
0.000551
0.000564
0.000546
0.000565
0.000544
0.000574
0.000551
0.000545
0.000542
0.000562
0.000543
0.000546
0.000552
0.000654
0.000541
0.000573
0.000545
0.000541
0.000564
0.001206
0.000541
0.000541
0.000553
0.000542
0.000560
0.000723
0.000544
0.001566
0.000545
0.000565
0.000970
0.000562
0.001068
0.000545
0.000542
0.001256
0.000573
0.001566
0.000549
0.000570
0.000561
0.000578
0.001130
0.000540
0.000560
0.000538
0.000677
0.000791
0.000539
0.000563
0.000541
0.000548
0.001104
0.000534
0.000542
0.000540
0.000695
0.000552
0.000590
0.000541
0.000540
0.000541
0.000768
0.000914
0.000553
0.000558
0.000545
0.000542
0.000544
0.000559
0.000565
0.000560
0.000561
0.000543
0.000539
0.000549
0.001076
0.000542
0.000538
0.000549
0.000559
0.000546
0.000543
0.000546
0.000546
0.000543
0.000541
0.000881
0.000543
0.000559
0.000544
0.000557
0.000543
0.000543
0.000544
0.000615
0.000562
0.000537
0.000588
0.000957
0.000540
0.000545
0.000541
0.000564
0.000541
0.000578
0.000543
0.000696
0.000543
0.000555
0.000548
0.000544
0.000697
0.000543
0.000581
0.000624
0.000941
0.000560
0.000540
0.000537
0.000551
0.000548
0.000567
0.000569
0.000560
0.000566
0.000547
0.000563
0.000559
0.000547
0.000544
0.000545
0.000544
0.001215
0.000634
0.000560
0.000540
0.000969
0.000543
0.000547
0.000561
0.000579
0.000697
0.000539
0.000562
0.000550
0.000543
0.000541
0.000555
0.000542
0.000563
0.000540
0.000541
0.000541
0.000561
0.000549
0.000540
0.000564
0.000546
0.000561
0.000543
0.000541
0.000600
0.000561
0.000559
0.000543
0.001065
0.000545
0.000541
0.000544
0.000574
0.001297
0.000548
0.000541
0.000538
0.000538
0.000746
0.000547
0.000917
0.000549
0.000744
0.000863
0.000938
0.000558
0.000558
0.000784
0.001011
0.000648
0.000541
0.000542
0.000560
0.000543
0.000545
0.000542
0.000544
0.000578
0.000654
0.000561
0.000569
0.000546
0.000541
0.000548
0.000564
0.000544
0.000559
0.000672
0.000547
0.000545
0.000597
0.000577
0.000789
0.000550
0.000545
0.000561
0.000542
0.000899
0.000557
0.000541
0.000548
0.000949
0.000550
0.000549
0.001131
0.000552
0.000551
0.000567
0.000544
0.000975
0.000605
0.001661
0.000560
0.000562
0.000562
0.000543
0.000546
0.000587
0.000543
0.000559
0.000947
0.000550
0.000552
0.000572
0.000553
0.000543
0.001048
0.000691
0.001240
0.000589
0.000959
0.000567
0.000592
0.000546
0.000551
0.000546
0.000541
0.000547
0.000551
0.000552
0.000542
0.000566
0.000631
0.000601
0.000550
0.000913
0.000667
0.000546
0.000555
0.000543
0.000549
0.000564
0.000858
0.000567
0.000567
0.000548
0.000547
0.000591
0.000543
0.000540
0.000563
0.000935
0.000549
0.000559
0.000567
0.000551
0.000587
0.000548
0.000585
0.000543
0.000693
0.000543
0.000546
0.000561
0.000908
0.000562
0.000541
0.000902
0.000564
0.000552
0.000544
0.000585
0.000547
0.000584
0.000546
0.000545
0.000553
0.001268
0.000546
0.000565
0.000813
0.000594
0.000586
0.000816
0.000621
0.001353
0.000688
0.000539
0.000564
0.001273
0.000549
0.000549
0.000729
0.000653
0.000556
0.001011
0.000730
0.001391
0.000567
0.000547
0.000552
0.000862
0.000601
0.000551
0.000543
0.000562
0.000546
0.000558
0.000550
0.000543
0.000563
0.000546
0.000562
0.000557
0.000541
0.000577
0.000543
0.000563
0.000545
0.000541
0.000562
0.000546
0.000545
0.000541
0.000546
0.000542
0.000542
0.000540
0.000558
0.000549
0.000546
0.000557
0.000544
0.000568
0.000579
0.000566
0.000543
0.000544
0.000540
0.000540
0.000567
0.000556
0.000562
0.000544
0.000742
0.000548
0.000542
0.000563
0.000562
0.000559
0.000562
0.000543
0.000565
0.000543
0.000555
0.000544
0.000549
0.000599
0.000539
0.000562
0.000542
0.000545
0.000569
0.000558
0.000566
0.000602
0.000564
0.000540
0.000540
0.000539
0.000559
0.000547
0.000567
0.000544
0.000542
0.000541
0.000541
0.000546
0.000853
0.000544
0.000541
0.000548
0.000547
0.000541
0.000570
0.000560
0.000562
0.000549
0.000539
0.000543
0.000561
0.000541
0.000593
0.000545
0.000570
0.000543
0.000544
0.000545
0.000538
0.000548
0.000541
0.000574
0.000541
0.000560
0.000565
0.000541
0.000542
0.000560
0.000562
0.000540
0.000541
0.000542
0.000544
0.000676
0.000558
0.000545
0.000593
0.000544
0.000562
0.000543
0.000556
0.000591
0.000559
0.000572
0.000712
0.000539
0.000567
0.000543
0.000540
0.000561
0.000539
0.001447
0.000539
0.000566
0.000561
0.000567
0.000542
0.000542
0.000559
0.000553
0.000545
0.000557
0.000558
0.000544
0.000540
0.000545
0.000586
0.000543
0.000554
0.000546
0.000541
0.000545
0.000541
0.000537
0.000546
0.000607
0.000541
0.000566
0.000541
0.000545
0.000547
0.000542
0.000540
0.000568
0.000558
0.000552
0.000551
0.000561
0.000567
0.000541
0.000546
0.000543
0.000545
0.000563
0.000549
0.000580
0.000562
0.000564
0.000561
0.000558
0.000731
0.000565
0.000544
0.000561
0.000709
0.000567
0.000551
0.000579
0.000557
0.000575
0.000770
0.000941
0.000544
0.000533
0.000544
0.000551
0.000552
0.000538
0.000542
0.000599
0.000536
0.000545
0.000542
0.000547
0.000542
0.000543
0.000558
0.000545
0.000550
0.000569
0.000546
0.000560
0.000536
0.001098
0.000564
0.000548
0.000540
0.000948
0.000560
0.000540
0.000540
0.000988
0.000561
0.000778
0.000563
0.000543
0.000585
0.000542
0.001213
0.000560
0.000557
0.000565
0.000547
0.000560
0.000565
0.000730
0.000564
0.000540
0.000577
0.000541
0.000548
0.000541
0.000539
0.000542
0.000544
0.000542
0.000543
0.000564
0.000556
0.000562
0.000546
0.000554
0.000550
0.000576
0.000545
0.000544
0.000549
0.000543
0.000579
0.000563
0.000581
0.000547
0.001010
0.001140
0.001087
0.000702
0.000572
0.000563
0.000541
0.000562
0.000566
0.001038
0.001045
0.000562
0.001215
0.000539
0.000745
0.000984
0.000542
0.000625
0.000545
0.000542
0.000561
0.000607
0.000564
0.000587
0.000560
0.000542
0.000544
0.000562
0.001405
0.000626
0.000725
0.001006
0.000543
0.002365
0.000565
0.001304
0.000883
0.000862
0.000888
0.000542
0.000562
0.000542
0.000563
0.000548
0.000545
0.000546
0.000545
0.000586
0.000553
0.000545
0.000548
0.001604
0.000543
0.000700
0.000543
0.000543
0.000559
0.000572
0.000564
0.000561
0.000547
0.000542
0.000560
0.000547
0.000564
0.000546
0.000543
0.000563
0.000620
0.000570
0.000556
0.001218
0.000875
0.000542
0.000570
0.000748
0.000562
0.000580
0.000542
0.000543
0.000563
0.000561
0.000534
0.000555
0.000600
0.000541
0.000611
0.000561
0.000544
0.000540
0.000546
0.000544
0.000541
0.000558
0.000542
0.000570
0.000544
0.000544
0.000554
0.001600
0.000543
0.000543
0.000543
0.000606
0.000898
0.000543
0.000541
0.000542
0.000574
0.000581
0.000542
0.000591
0.000546
0.000556
0.000549
0.000546
0.000758
0.001381
0.000543
0.000541
0.000544
0.000579
0.000542
0.000544
0.000573
0.000983
0.000799
0.000550
0.000575
0.000541
0.000568
0.000544
0.000566
0.000540
0.000547
0.000542
0.000581
0.000542
0.000563
0.000550
0.000868
0.000562
0.000557
0.000578
0.000541
0.000549
0.000545
0.000562
0.000560
0.000547
0.000578
0.000546
0.000545
0.000598
0.000559
0.000548
0.000542
0.000556
0.000545
0.000547
0.000558
0.000581
0.000543
0.000581
0.000547
0.000943
0.000566
0.000555
0.000542
0.000556
0.000812
0.000552
0.000540
0.000546
0.000545
0.000555
0.000547
0.000539
0.000543
0.000573
0.000540
0.000546
0.001513
0.000826
0.000564
0.000547
0.000978
0.001142
0.000949
0.000580
0.000563
0.000545
0.000558
0.000543
0.000575
0.000549
0.000585
0.000543
0.000542
0.000542
0.000542
0.000542
0.000545
0.000544
0.000544
0.000560
0.000561
0.000545
0.000552
0.001013
0.000543
0.000543
0.000541
0.000558
0.000563
0.000544
0.000559
0.000543
0.000662
0.000553
0.000547
0.000954
0.000539
0.000562
0.000870
0.000584
0.000566
0.000539
0.000849
0.000840
0.000559
0.000542
0.000542
0.000549
0.000547
0.000567
0.000597
0.000577
0.000544
0.000545
0.000729
0.000573
0.000540
0.000570
0.000553
0.000541
0.000638
0.000549
0.000557
0.000550
0.000545
0.000569
0.000549
0.000542
0.000539
0.000549
0.000579
0.000543
0.000544
0.000561
0.000555
0.001390
0.000552
0.000567
0.000568
0.001102
0.000578
0.000566
0.000572
0.000585
0.000541
0.000547
0.000565
0.001102
0.000549
0.000542
0.000537
0.000545
0.000561
0.000544
0.000574
0.000544
0.000544
0.000553
0.000570
0.001136
0.000561
0.000544
0.000568
0.000545
0.000570
0.000541
0.000553
0.000924
0.000547
0.000546
0.000540
0.000562
0.000545
0.000542
0.000566
0.000543
0.000539
0.000562
0.000542
0.000545
0.000563
0.000557
0.000628
0.000546
0.000560
0.000548
0.000562
0.000557
0.000544
0.000538
0.000565
0.000543
0.000582
0.000570
0.000558
0.000567
0.000567
0.000571
0.000541
0.000555
0.000564
0.000542
0.000537
0.000553
0.001347
0.000826
0.000708
0.000562
0.000595
0.000567
0.000543
0.000546
0.000559
0.000564
0.000563
0.000545
0.000565
0.000563
0.000620
0.001053
0.000540
0.000547
0.000544
0.000538
0.000538
0.000822
0.000543
0.000565
0.001085
0.000556
0.000548
0.000563
0.000541
0.000546
0.000566
0.000544
0.000540
0.000533
0.000538
0.000542
0.000543
0.000549
0.000546
0.001255
0.000541
0.000546
0.000556
0.000538
0.000546
0.000561
0.000560
0.000556
0.000546
0.000555
0.000615
0.000545
0.000562
0.000542
0.000547
0.000541
0.000546
0.001109
0.000543
0.000541
0.000576
0.000630
0.000540
0.000563
0.000561
0.000562
0.000541
0.000545
0.000535
0.000560
0.000567
0.000545
0.000559
0.000587
0.000558
0.000907
0.000547
0.000547
0.000559
0.000546
0.001204
0.000557
0.001112
0.000546
0.000555
0.000549
0.000546
0.000572
0.000547
0.000544
0.000546
0.000541
0.000563
0.000542
0.000537
0.000571
0.000558
0.000540
0.000542
0.000549
0.000584
0.000676
0.000543
0.000540
0.000566
0.000550
0.001447
0.000560
0.000549
0.000544
0.000565
0.001003
0.000561
0.000607
0.000545
0.000542
0.000560
0.000541
0.000562
0.000544
0.000538
0.000558
0.000561
0.000582
0.000563
0.000545
0.000540
0.000540
0.000553
0.000539
0.000566
0.000566
0.000547
0.000542
0.000564
0.000537
0.000569
0.000547
0.000544
0.000547
0.000862
0.000547
0.000562
0.000543
0.000542
0.000546
0.000543
0.000545
0.000541
0.000543
0.001251
0.000545
0.000543
0.000567
0.000541
0.000544
0.000546
0.000544
0.000562
0.000543
0.000541
0.000544
0.000548
0.000539
0.000561
0.000544
0.000543
0.000571
0.001007
0.000558
0.000562
0.000938
0.000560
0.000563
0.000563
0.000555
0.000549
0.000562
0.000546
0.000543
0.000605
0.000563
0.000547
0.000564
0.000545
0.000603
0.000560
0.000545
0.000541
0.000542
0.000541
0.000540
0.000543
0.000555
0.000541
0.000541
0.000578
0.000539
0.000545
0.000546
0.001093
0.000545
0.000541
0.000558
0.000563
0.000542
0.000565
0.000541
0.000560
0.000541
0.000557
0.000566
0.000551
0.000775
0.000560
0.000538
0.000547
0.000545
0.000610
0.001444
0.000553
0.000545
0.001237
0.000545
0.000551
0.000547
0.000545
0.000559
0.000586
0.000540
0.000537
0.000547
0.000540
0.000540
0.000564
0.000538
0.000542
0.000593
0.000560
0.000548
0.000557
0.000541
0.000544
0.000541
0.000588
0.000542
0.000590
0.000547
0.000590
0.000548
0.000544
0.000545
0.000539
0.000544
0.000562
0.000594
0.000538
0.000569
0.000546
0.000786
0.000544
0.000557
0.000542
0.000541
0.000563
0.000549
0.000583
0.001213
0.000544
0.000582
0.000562
0.000563
0.000671
0.000544
0.000549
0.001148
0.000703
0.001571
0.000730
0.000544
0.000541
0.000552
0.000548
0.000538
0.000546
0.001141
0.000555
0.001151
0.000562
0.000546
0.000542
0.000539
0.000545
0.000542
0.000544
0.001437
0.000856
0.000573
0.000543
0.000797
0.000547
0.000551
0.000556
0.000553
0.000578
0.001200
0.000544
0.000542
0.000546
0.000911
0.001084
0.000545
0.000548
0.000541
0.000545
0.000552
0.000553
0.000565
0.000573
0.000567
0.001252
0.000592
0.000546
0.001055
0.000563
0.000569
0.000572
0.000652
0.000545
0.000679
0.001126
0.000542
0.000568
0.000548
0.000558
0.000610
0.000547
0.000574
0.000594
0.000824
0.001239
0.000544
0.000540
0.000563
0.000553
0.000547
0.000563
0.000565
0.000874
0.000540
0.000670
0.000573
0.000545
0.000546
0.000976
0.000546
0.000553
0.000544
0.000957
0.000572
0.000583
0.000894
0.000544
0.000782
0.000565
0.001062
0.000549
0.000571
0.000812
0.000555
0.000679
0.001089
0.000594
0.000583
0.001134
0.000559
0.000541
0.000694
0.000549
0.000805
0.000698
0.000573
0.000550
0.000578
0.000571
0.000540
0.000545
0.000553
0.000580
0.000548
0.000549
0.000551
0.000568
0.000540
0.000611
0.000583
0.000849
0.000569
0.000569
0.000824
0.000990
0.000548
0.000905
0.000561
0.000561
0.000567
0.000540
0.000814
0.000545
0.000561
0.000783
0.000557
0.001104
0.000564
0.001214
0.000562
0.000581
0.000545
0.000545
0.000580
0.000546
0.000575
0.001082
0.000553
0.000558
0.000576
0.000572
0.000546
0.000883
0.000657
0.000561
0.001220
0.000562
0.000542
0.000545
0.000543
0.000765
0.000652
0.001092
0.000545
0.000544
0.000576
0.000548
0.001212
0.000740
0.000543
0.001199
0.000884
0.000624
0.000632
0.000545
0.000548
0.000552
0.000886
0.000549
0.000548
0.000547
0.000572
0.000548
0.000890
0.000719
0.001416
0.000665
0.000550
0.000545
0.000860
0.000866
0.000545
0.000549
0.000856
0.000570
0.001163
0.000592
0.000564
0.000666
0.000565
0.000548
0.001350
0.000558
0.000551
0.000858
0.001087
0.000551
0.001347
0.000548
0.000568
0.000561
0.001073
0.000565
0.000553
0.000550
0.000559
0.000774
0.000547
0.000543
0.001619
0.000550
0.000872
0.000544
0.000558
0.000553
0.000941
0.000554
0.000550
0.000584
0.000799
0.001008
0.000547
0.000562
0.000542
0.000549
0.000547
0.000552
0.000939
0.000578
0.000545
0.000566
0.000941
0.000568
0.000563
0.000542
0.000878
0.000561
0.000558
0.000543
0.000539
0.000854
0.000564
0.000542
0.000588
0.000895
0.000561
0.000589
0.000541
0.000544
0.000544
0.000565
0.000556
0.000545
0.000545
0.000547
0.000555
0.000538
0.000548
0.000541
0.000563
0.000544
0.000566
0.000564
0.000569
0.001143
0.000546
0.000571
0.000961
0.000558
0.000546
0.000540
0.000536
0.000582
0.000569
0.000550
0.000549
0.000562
0.001206
0.000550
0.000564
0.000589
0.000545
0.000570
0.000633
0.000543
0.000720
0.000602
0.000551
0.000795
0.000542
0.000544
0.000568
0.000931
0.001377
0.000546
0.000878
0.000571
0.000601
0.000555
0.000571
0.000780
0.000545
0.000888
0.000559
0.000585
0.000546
0.001444
0.000572
0.000544
0.000542
0.000546
0.001024
0.000548
0.000549
0.000540
0.000544
0.000539
0.000566
0.000542
0.000545
0.001008
0.000578
0.000548
0.000581
0.001020
0.000571
0.000544
0.000565
0.000559
0.000576
0.000547
0.001498
0.000543
0.000557
0.000874
0.000561
0.000566
0.000562
0.000560
0.000542
0.000563
0.001072
0.000567
0.000540
0.000570
0.000563
0.000540
0.000792
0.000547
0.000548
0.000542
0.000577
0.000586
0.000541
0.000561
0.000540
0.000577
0.001038
0.000567
0.001013
0.000632
0.000547
0.000580
0.000559
0.000566
0.000553
0.000546
0.000579
0.000544
0.000547
0.000543
0.000544
0.000560
0.000551
0.000719
0.000579
0.000594
0.001226
0.000560
0.000542
0.000579
0.000550
0.000543
0.000544
0.000565
0.000584
0.000546
0.000559
0.000550
0.000568
0.000553
0.000542
0.000545
0.000584
0.000535
0.001069
0.000576
0.000571
0.000546
0.000542
0.000566
0.000542
0.000558
0.000550
0.000543
0.000662
0.000558
0.000538
0.000558
0.000590
0.000544
0.001021
0.000564
0.001342
0.001468
0.000564
0.000831
0.000553
0.000571
0.001147
0.000580
0.000556
0.000719
0.000556
0.000550
0.000921
0.000545
0.000566
0.000554
0.000547
0.000545
0.000703
0.000548
0.001286
0.001596
0.000568
0.000560
0.000616
0.000800
0.000560
0.000550
0.000541
0.001144
0.000549
0.000571
0.000546
0.000563
0.000569
0.000547
0.000548
0.000541
0.000541
0.000555
0.000558
0.000567
0.000540
0.000574
0.000541
0.000566
0.000543
0.000550
0.000627
0.000542
0.000584
0.000539
0.000559
0.000549
0.000545
0.000549
0.000545
0.000775
0.000569
0.000546
0.000570
0.000991
0.000572
0.000547
0.000550
0.000897
0.000566
0.000597
0.000569
0.000547
0.000574
0.000581
0.000539
0.000541
0.000545
0.000871
0.000548
0.000546
0.001369
0.000550
0.000547
0.000581
0.000543
0.000548
0.000608
0.000985
0.000547
0.001111
0.000547
0.000561
0.000629
0.000885
0.000540
0.000560
0.000553
0.000546
0.001164
0.000592
