0.000396
0.000279
0.000345
0.000685
0.000270
0.000312
0.000276
0.000367
0.000609
0.000614
0.000274
0.000292
0.000272
0.000608
0.000507
0.000271
0.000268
0.000272
0.000271
0.000273
0.000274
0.000270
0.000314
0.000277
0.000269
0.000276
0.000271
0.000276
0.000275
0.000612
0.000473
0.000270
0.000277
0.000271
0.000280
0.000276
0.000270
0.000275
0.000274
0.000278
0.000289
0.000268
0.000277
0.000276
0.000276
0.000270
0.000274
0.000291
0.000282
0.000291
0.000272
0.000278
0.000279
0.000272
0.000272
0.000271
0.000271
0.000272
0.000274
0.000276
0.000274
0.000271
0.000271
0.000269
0.000281
0.000273
0.000276
0.000275
0.000297
0.000271
0.000284
0.000271
0.000278
0.000269
0.000270
0.000277
0.000275
0.000293
0.000323
0.000283
0.000275
0.000308
0.000267
0.000270
0.000273
0.000273
0.000278
0.000272
0.000271
0.000274
0.000290
0.000313
0.000272
0.000273
0.000279
0.000271
0.000860
0.000619
0.000271
0.000277
0.000291
0.000280
0.000417
0.000268
0.000283
0.000271
0.000279
0.000273
0.000279
0.000336
0.000289
0.000277
0.000269
0.000279
0.000275
0.000271
0.000271
0.000273
0.000270
0.000268
0.000271
0.000278
0.000270
0.000275
0.000342
0.000276
0.000783
0.000273
0.000272
0.000274
0.000278
0.000274
0.000273
0.000288
0.000271
0.000280
0.000296
0.000282
0.000271
0.000278
0.000275
0.000747
0.000305
0.000270
0.000274
0.000271
0.000271
0.000267
0.000265
0.000271
0.000269
0.000276
0.000291
0.000273
0.000277
0.000270
0.000750
0.000272
0.000334
0.000271
0.000269
0.000271
0.000267
0.000307
0.000270
0.000732
0.000270
0.000285
0.000284
0.000277
0.000275
0.000276
0.000278
0.000266
0.000271
0.000300
0.000271
0.000270
0.000633
0.000272
0.000275
0.000277
0.000270
0.000619
0.000269
0.000272
0.000276
0.000266
0.000276
0.000291
0.000271
0.000277
0.000287
0.000401
0.000271
0.000280
0.000637
0.000275
0.000271
0.000287
0.000273
0.000271
0.000278
0.000275
0.000272
0.000271
0.000320
0.000269
0.000276
0.000269
0.000289
0.000272
0.000284
0.000270
0.000275
0.000333
0.000274
0.000269
0.000271
0.000276
0.000270
0.000294
0.000271
0.000267
0.000275
0.000281
0.000269
0.000279
0.000268
0.000618
0.000268
0.000271
0.000271
0.000271
0.000268
0.000269
0.000270
0.000285
0.000276
0.000271
0.000271
0.000633
0.000271
0.000289
0.000267
0.000277
0.000268
0.000287
0.000270
0.000281
0.000274
0.000271
0.000269
0.000293
0.000282
0.000281
0.000299
0.000268
0.000280
0.000268
0.000277
0.000280
0.000271
0.000272
0.000278
0.000289
0.000270
0.000281
0.000284
0.000271
0.000276
0.000271
0.000271
0.000607
0.000591
0.000289
0.000273
0.000275
0.000292
0.000272
0.000269
0.000272
0.000276
0.000272
0.000271
0.000283
0.000278
0.000287
0.000300
0.000282
0.000270
0.000271
0.000274
0.000277
0.000277
0.000271
0.000273
0.000277
0.000271
0.000272
0.000280
0.000286
0.000271
0.000273
0.000269
0.000293
0.000273
0.000272
0.000273
0.000296
0.000282
0.000277
0.000276
0.000271
0.000270
0.000273
0.000275
0.000270
0.000284
0.000271
0.000279
0.000280
0.000269
0.000271
0.000272
0.000269
0.000278
0.000269
0.000271
0.000270
0.000270
0.000272
0.000275
0.000277
0.000277
0.000277
0.000274
0.000278
0.000270
0.000270
0.000271
0.000273
0.000275
0.000279
0.000267
0.000275
0.000276
0.000268
0.000275
0.000274
0.000280
0.000274
0.000271
0.000271
0.000283
0.000271
0.000267
0.000272
0.000268
0.000274
0.000271
0.000280
0.000285
0.000272
0.000276
0.000277
0.000269
0.000274
0.000273
0.000269
0.000616
0.000270
0.000782
0.000267
0.000271
0.000267
0.000274
0.000282
0.000271
0.000274
0.000632
0.000732
0.000269
0.000278
0.000270
0.000289
0.000273
0.000272
0.000271
0.000274
0.000270
0.000275
0.000287
0.000496
0.000268
0.000288
0.000294
0.000280
0.000619
0.000268
0.000271
0.000288
0.000273
0.000277
0.000280
0.000609
0.000297
0.000285
0.000277
0.000288
0.000610
0.000291
0.000271
0.000268
0.000275
0.000387
0.000782
0.000271
0.000276
0.000316
0.000277
0.000277
0.000317
0.000273
0.000276
0.000283
0.000272
0.000692
0.000275
0.000309
0.000268
0.000278
0.000274
0.000273
0.000277
0.000277
0.000645
0.000621
0.000272
0.000275
0.000306
0.000285
0.000272
0.000272
0.000280
0.000275
0.000279
0.000281
0.000276
0.000389
0.000267
0.000270
0.000606
0.000278
0.000290
0.000274
0.000273
0.000608
0.000270
0.000278
0.000271
0.000273
0.000272
0.000279
0.000462
0.000305
0.000268
0.000276
0.000322
0.000268
0.000638
0.000693
0.000270
0.000292
0.000288
0.000273
0.000860
0.000272
0.000269
0.000299
0.000274
0.000278
0.000287
0.000272
0.000313
0.000680
0.000277
0.000271
0.000272
0.000277
0.000268
0.000274
0.000276
0.000287
0.000271
0.000276
0.000266
0.000267
0.000279
0.000277
0.000275
0.000435
0.000276
0.000608
0.000303
0.000271
0.000270
0.000272
0.000270
0.000270
0.000276
0.000270
0.000329
0.000289
0.000630
0.000290
0.000271
0.000276
0.000273
0.000270
0.000271
0.000269
0.000271
0.000280
0.000270
0.000269
0.000273
0.000275
0.000276
0.000271
0.000277
0.000285
0.000271
0.000269
0.000278
0.000278
0.000643
0.000271
0.000282
0.000269
0.000272
0.000267
0.000271
0.000298
0.000280
0.000281
0.000273
0.000271
0.000271
0.000278
0.000297
0.000270
0.000271
0.000267
0.000268
0.000270
0.000282
0.000279
0.000278
0.000601
0.000272
0.000279
0.000277
0.000277
0.000267
0.000301
0.000288
0.000786
0.000272
0.000788
0.000272
0.000267
0.000270
0.000273
0.000286
0.000277
0.000273
0.000275
0.000268
0.000271
0.000276
0.000280
0.000299
0.000276
0.000274
0.000280
0.000272
0.000270
0.000272
0.000271
0.000270
0.000275
0.000273
0.000280
0.000282
0.000277
0.000271
0.000323
0.000296
0.000273
0.000277
0.000337
0.000267
0.000272
0.000596
0.000275
0.000272
0.000272
0.000274
0.000275
0.000301
0.000268
0.000276
0.000974
0.000272
0.000336
0.000276
0.000268
0.000273
0.000277
0.000270
0.000310
0.000276
0.000270
0.000293
0.000271
0.000271
0.000278
0.000605
0.000795
0.000268
0.000273
0.000279
0.000280
0.000270
0.000272
0.000276
0.000276
0.000281
0.000271
0.000274
0.000279
0.000279
0.000688
0.000270
0.000282
0.000273
0.000279
0.000268
0.000294
0.000272
0.000273
0.000270
0.000278
0.000272
0.000288
0.000431
0.000274
0.000275
0.000270
0.000274
0.000289
0.000279
0.000277
0.000270
0.000270
0.000278
0.000271
0.000276
0.000271
0.000280
0.000313
0.000281
0.000271
0.000271
0.000270
0.000275
0.000269
0.000274
0.000276
0.000273
0.000292
0.000300
0.000287
0.000272
0.000274
0.000289
0.000272
0.000325
0.000428
0.000271
0.000607
0.000269
0.000271
0.000275
0.000281
0.000788
0.000275
0.000279
0.000304
0.000273
0.000271
0.000278
0.000276
0.000276
0.000275
0.000271
0.000268
0.000270
0.000276
0.000271
0.000275
0.000279
0.000297
0.000269
0.000271
0.000271
0.000274
0.000280
0.000269
0.000271
0.000271
0.000280
0.000271
0.000292
0.000270
0.000274
0.000283
0.000271
0.000275
0.000284
0.000275
0.000274
0.000286
0.000270
0.000277
0.000286
0.000271
0.000273
0.000300
0.000281
0.000270
0.000283
0.000277
0.000271
0.000274
0.000283
0.000272
0.000274
0.000271
0.000268
0.000271
0.000292
0.000274
0.000296
0.000271
0.000627
0.000818
0.000270
0.000271
0.000280
0.000286
0.000272
0.000268
0.000270
0.000273
0.000270
0.000271
0.000268
0.000276
0.000273
0.000409
0.000290
0.000276
0.000268
0.000283
0.000276
0.000271
0.000291
0.000350
0.000270
0.000273
0.000297
0.000272
0.000274
0.000268
0.000271
0.000275
0.000276
0.000285
0.000271
0.000283
0.000274
0.000280
0.000277
0.000278
0.000273
0.000274
0.000282
0.000268
0.000289
0.000271
0.000282
0.000620
0.000283
0.000279
0.000277
0.000761
0.000623
0.000278
0.000272
0.000281
0.000281
0.000273
0.000274
0.000271
0.000274
0.000357
0.000277
0.000271
0.000277
0.000611
0.000270
0.000270
0.000278
0.000278
0.000289
0.000282
0.000283
0.000270
0.000277
0.000307
0.000269
0.000279
0.000276
0.000271
0.000272
0.000273
0.000271
0.000269
0.000269
0.000275
0.000276
0.000270
0.000270
0.000685
0.000604
0.000276
0.000306
0.000272
0.000272
0.000274
0.000266
0.000271
0.000285
0.000272
0.000274
0.000271
0.000270
0.000273
0.000270
0.000284
0.000278
0.000271
0.000270
0.000270
0.000282
0.000320
0.000270
0.000271
0.000273
0.000273
0.000281
0.000266
0.000278
0.000275
0.000277
0.000269
0.000290
0.000274
0.000329
0.000293
0.000271
0.000271
0.000502
0.000276
0.000296
0.000277
0.000270
0.000276
0.000613
0.000706
0.000270
0.000270
0.000300
0.000275
0.000281
0.000286
0.000288
0.000275
0.000279
0.000279
0.000272
0.000802
0.000557
0.000280
0.000274
0.000271
0.000271
0.000270
0.000274
0.000284
0.000614
0.000274
0.000284
0.000278
0.000271
0.000273
0.000450
0.000270
0.000272
0.000268
0.000276
0.000294
0.000270
0.000291
0.000292
0.000283
0.000274
0.000274
0.000279
0.000273
0.000297
0.000270
0.000276
0.000284
0.000275
0.000274
0.000279
0.000278
0.000276
0.000316
0.000316
0.000282
0.000271
0.000277
0.000270
0.000278
0.000295
0.000611
0.000607
0.000272
0.000276
0.000290
0.000271
0.000315
0.000423
0.000278
0.000273
0.000272
0.000280
0.000268
0.000339
0.000277
0.000268
0.000268
0.000272
0.000276
0.000263
0.000270
0.000270
0.000290
0.000404
0.000279
0.000281
0.000276
0.000323
0.000296
0.000275
0.000272
0.000271
0.000275
0.000274
0.000268
0.000271
0.000284
0.000279
0.000302
0.000281
0.000276
0.000280
0.000268
0.000272
0.000294
0.000280
0.000271
0.000271
0.000271
0.000271
0.000286
0.000316
0.000270
0.000267
0.000270
0.000276
0.000276
0.000277
0.000271
0.000274
0.000643
0.000280
0.000283
0.000271
0.000272
0.000272
0.000274
0.000274
0.000271
0.000277
0.000286
0.000273
0.000284
0.000303
0.000272
0.000274
0.000274
0.000275
0.000347
0.000652
0.000284
0.000276
0.000282
0.000277
0.000276
0.000271
0.000280
0.000274
0.000271
0.000268
0.000273
0.000276
0.000279
0.000270
0.000271
0.000310
0.000276
0.000272
0.000270
0.000268
0.000276
0.000287
0.000273
0.000277
0.000269
0.000308
0.000271
0.000270
0.000275
0.000276
0.000272
0.000271
0.000280
0.000271
0.000269
0.000304
0.000276
0.000276
0.000271
0.000269
0.000270
0.000278
0.000276
0.000281
0.000273
0.000280
0.000276
0.000267
0.000267
0.000274
0.000274
0.000277
0.000278
0.000271
0.000269
0.000276
0.000279
0.000271
0.000270
0.000276
0.000273
0.000286
0.000268
0.000270
0.000272
0.000272
0.000277
0.000325
0.000278
0.000267
0.000281
0.000267
0.000272
0.000276
0.000287
0.000270
0.000272
0.000273
0.000295
0.000275
0.000272
0.000278
0.000273
0.000287
0.000279
0.000268
0.000269
0.000271
0.000274
0.000290
0.000605
0.000652
0.000282
0.000288
0.000269
0.000275
0.000275
0.000524
0.000273
0.000281
0.000278
0.000296
0.000798
0.000688
0.000782
0.000270
0.000270
0.000274
0.000282
0.000279
0.000278
0.000268
0.000534
0.000631
0.000273
0.000294
0.000271
0.000277
0.000277
0.000279
0.000293
0.000271
0.000277
0.000276
0.000277
0.000276
0.000276
0.000271
0.000279
0.000271
0.000268
0.000270
0.000279
0.000279
0.000279
0.000275
0.000269
0.000271
0.000272
0.000272
0.000274
0.000273
0.000276
0.000272
0.000274
0.000274
0.000297
0.000270
0.000276
0.000272
0.000274
0.000283
0.000276
0.000276
0.000268
0.000270
0.000273
0.000277
0.000273
0.000270
0.000270
0.000275
0.000274
0.000340
0.000271
0.000270
0.000275
0.000275
0.000271
0.000270
0.000271
0.000269
0.000284
0.000295
0.000271
0.000271
0.000272
0.000275
0.000275
0.000280
0.000282
0.000280
0.000272
0.000277
0.000270
0.000291
0.000279
0.000277
0.000276
0.000292
0.000272
0.000276
0.000272
0.000274
0.000285
0.000288
0.000272
0.000270
0.000284
0.000276
0.000275
0.000280
0.000281
0.000268
0.000287
0.000276
0.000276
0.000270
0.000271
0.000277
0.000288
0.000271
0.000276
0.000310
0.000272
0.000276
0.000274
0.000276
0.000278
0.000280
0.000273
0.000301
0.000617
0.000281
0.000273
0.000288
0.000274
0.000661
0.000273
0.000268
0.000612
0.000288
0.000268
0.000276
0.000293
0.000459
0.000270
0.000271
0.000280
0.000272
0.000321
0.000271
0.000276
0.000271
0.000276
0.000271
0.000275
0.000269
0.000277
0.000267
0.000316
0.000275
0.000271
0.000273
0.000273
0.000275
0.000370
0.000277
0.000280
0.000295
0.000283
0.000268
0.000269
0.000280
0.000271
0.000297
0.000283
0.000270
0.000277
0.000271
0.000278
0.000275
0.000270
0.000278
0.000276
0.000271
0.000271
0.000272
0.000275
0.000588
0.000291
0.000267
0.000291
0.000271
0.000275
0.000277
0.000270
0.000283
0.000274
0.000280
0.000271
0.000272
0.000271
0.000271
0.000274
0.000429
0.000644
0.000619
0.000274
0.000271
0.000274
0.000273
0.000267
0.000275
0.000282
0.000271
0.000275
0.000275
0.000274
0.000282
0.000556
0.000656
0.000271
0.000273
0.000275
0.000268
0.000271
0.000280
0.000270
0.000276
0.000272
0.000271
0.000279
0.000273
0.000275
0.000449
0.000282
0.000268
0.000274
0.000271
0.000286
0.000269
0.000269
0.000270
0.000272
0.000270
0.000276
0.000288
0.000278
0.000283
0.000280
0.000406
0.000275
0.000271
0.000274
0.000273
0.000275
0.000271
0.000276
0.000271
0.000272
0.000275
0.000276
0.000290
0.000273
0.000278
0.000319
0.000611
0.000273
0.000274
0.000270
0.000270
0.000615
0.000275
0.000274
0.000271
0.000267
0.000274
0.000270
0.000271
0.000383
0.000371
0.000345
0.000297
0.000272
0.000272
0.000272
0.000276
0.000300
0.000270
0.000277
0.000274
0.000268
0.000267
0.000278
0.000272
0.000279
0.000270
0.000299
0.000270
0.000271
0.000273
0.000277
0.000276
0.000283
0.000271
0.000271
0.000276
0.000267
0.000276
0.000276
0.000273
0.000267
0.000629
0.000281
0.000274
0.000271
0.000300
0.000270
0.000273
0.000272
0.000271
0.000291
0.000276
0.000292
0.000271
0.000273
0.000296
0.000276
0.000271
0.000272
0.000285
0.000274
0.000270
0.000274
0.000271
0.000270
0.000273
0.000294
0.000279
0.000272
0.000270
0.000280
0.000298
0.000275
0.000275
0.000269
0.000276
0.000287
0.000280
0.000277
0.000274
0.000280
0.000272
0.000291
0.000277
0.000271
0.000273
0.000354
0.000605
0.000272
0.000278
0.000277
0.000302
0.000440
0.000681
0.000784
0.000284
0.000270
0.000271
0.000355
0.000447
0.000392
0.000612
0.000839
0.000272
0.000271
0.000268
0.000270
0.000549
0.000271
0.000282
0.000280
0.000281
0.000309
0.000972
0.000403
0.000400
0.000422
0.000279
0.000345
0.000279
0.000377
0.000387
0.000387
0.000383
0.000383
0.000382
0.000448
0.000386
0.000384
0.000382
0.000383
0.000387
0.000386
0.000383
0.000373
0.000387
0.000387
0.000423
0.000391
0.000418
0.000386
0.000354
0.000379
0.000359
0.000290
0.000280
0.000388
0.000301
0.000283
0.000283
0.000272
0.000281
0.000281
0.000280
0.000291
0.000301
0.000273
0.000276
0.000287
0.000295
0.000276
0.000276
0.000278
0.000276
0.000277
0.000273
0.000276
0.000273
0.000278
0.000278
0.000279
0.000295
0.000285
0.000278
0.000296
0.000283
0.000276
0.000299
0.000279
0.000340
0.000285
0.000275
0.000276
0.000277
0.000283
0.000276
0.000279
0.000276
0.000280
0.000290
0.000286
0.000272
0.000277
0.000283
0.000277
0.000284
0.000276
0.000299
0.000275
0.000278
0.000623
0.000289
0.000272
0.000283
0.000327
0.000273
0.000273
0.000270
0.000278
0.000272
0.000295
0.000277
0.000272
0.000610
0.000271
0.000272
0.000276
0.000270
0.000302
0.000276
0.000267
0.000294
0.000269
0.000272
0.000328
0.000783
0.000294
0.000275
0.000275
0.000730
0.000283
0.000660
0.000270
0.000278
0.000274
0.000799
0.000282
0.000607
0.000280
0.000272
0.000288
0.000614
0.000776
0.000274
0.000283
0.000379
0.000688
0.000269
0.000275
0.000269
0.000287
0.000264
0.000278
0.000665
0.000276
0.000635
0.000276
0.000587
0.000270
0.000278
0.000277
0.000271
0.000271
0.000274
0.000288
0.000273
0.000371
0.000277
0.000271
0.000271
0.000272
0.000270
0.000290
0.000273
0.000267
0.000281
0.000271
0.000284
0.000271
0.000570
0.000290
0.000392
0.000275
0.000283
0.000276
0.000273
0.000271
0.000289
0.000271
0.000285
0.000519
0.000620
0.000278
0.000281
0.000293
0.000607
0.000272
0.000270
0.000305
0.000278
0.000274
0.000281
0.000276
0.000274
0.000279
0.000293
0.000270
0.000273
0.000277
0.000385
0.000273
0.000281
0.000540
0.000657
0.000439
0.000276
0.000280
0.000279
0.000271
0.000277
0.000272
0.000279
0.000291
0.000299
0.000606
0.000479
0.000276
0.000276
0.000311
0.000277
0.000470
0.000276
0.000612
0.000278
0.000277
0.000277
0.000279
0.000271
0.000273
0.000271
0.000274
0.000276
0.000271
0.000272
0.000269
0.000296
0.000605
0.000585
0.000608
0.000288
0.000273
0.000277
0.000270
0.000272
0.000273
0.000271
0.000530
0.000274
0.000285
0.000270
0.000271
0.000497
0.000284
0.000271
0.000727
0.000494
0.000277
0.000278
0.000280
0.000275
0.000269
0.000273
0.000276
0.000612
0.000548
0.000278
0.000285
0.000397
0.000706
0.000510
0.000270
0.000320
0.000278
0.000274
0.000283
0.000273
0.000622
0.000304
0.000271
0.000272
0.000269
0.000784
0.000272
0.000277
0.000281
0.000620
0.000279
0.000282
0.000278
0.000270
0.000270
0.000703
0.000787
0.000272
0.000277
0.000271
0.000380
0.000501
0.000304
0.000272
0.000279
0.000272
0.000786
0.000278
0.000310
0.000267
0.000604
0.000272
0.000288
0.000285
0.000680
0.000301
0.000804
0.000375
0.000641
0.000394
0.000602
0.000272
0.000277
0.000775
0.000272
0.000272
0.000273
0.000276
0.000280
0.000620
0.000806
0.000382
0.000273
0.000280
0.000275
0.000275
0.000273
0.000276
0.000274
0.000274
0.000273
0.000276
0.000271
0.000271
0.000302
0.000276
0.000274
0.000276
0.000277
0.000269
0.000273
0.000272
0.000298
0.000277
0.000275
0.000285
0.000785
0.000582
0.000274
0.000281
0.000271
0.000277
0.000614
0.000272
0.000275
0.000277
0.000277
0.000273
0.000272
0.000277
0.000276
0.000802
0.000270
0.000826
0.000452
0.000641
0.000281
0.000276
0.000306
0.000272
0.000270
0.000378
0.000946
0.000280
0.000430
0.000513
0.000268
0.000612
0.000754
0.000279
0.000271
0.000271
0.000584
0.000621
0.000606
0.000773
0.000271
0.000272
0.000273
0.000272
0.000268
0.000281
0.000613
0.000589
0.000274
0.000700
0.000761
0.000278
0.000270
0.000294
0.000276
0.000279
0.000274
0.000279
0.000280
0.000623
0.000272
0.000772
0.000281
0.000788
0.000285
0.000276
0.000270
0.000276
0.000274
0.000289
0.000620
0.000272
0.000283
0.000632
0.000271
0.000278
0.000624
0.000272
0.000614
0.000288
0.000274
0.000459
0.000428
0.000650
0.000272
0.000286
0.000277
0.000272
0.000273
0.000554
0.000491
0.000437
0.000692
0.000361
0.000648
0.000268
0.000309
0.000278
0.000279
0.000648
0.000271
0.000272
0.000289
0.000272
0.000816
0.000285
0.000278
0.000269
0.000273
0.000270
0.000275
0.000274
0.000271
0.000277
0.000277
0.000285
0.000272
0.000271
0.000280
0.000270
0.000275
0.000269
0.000273
0.000271
0.000268
0.000275
0.000347
0.000622
0.000278
0.000278
0.000270
0.000270
0.000271
0.000339
0.000270
0.000271
0.000274
0.000277
0.000287
0.000277
0.000300
0.000270
0.000432
0.000818
0.000274
0.000310
0.000274
