0.000328
0.000876
0.000994
0.000330
0.000322
0.000322
0.000316
0.000696
0.000327
0.000330
0.000344
0.000329
0.000326
0.000351
0.000325
0.000324
0.000357
0.000328
0.000326
0.000320
0.000323
0.000325
0.000356
0.000324
0.000331
0.000326
0.000326
0.000328
0.000769
0.000721
0.000321
0.000337
0.000330
0.000336
0.000335
0.000345
0.000324
0.000341
0.000326
0.000325
0.000331
0.000332
0.000331
0.000323
0.000323
0.000322
0.000334
0.000332
0.000342
0.000348
0.000333
0.000435
0.000332
0.000320
0.000332
0.000325
0.000331
0.000334
0.000323
0.000738
0.000940
0.000329
0.000342
0.000323
0.000325
0.000331
0.000326
0.000345
0.000339
0.000330
0.000343
0.000333
0.000323
0.000323
0.000335
0.000335
0.000324
0.000322
0.000331
0.000326
0.000327
0.000892
0.000330
0.000328
0.000326
0.000322
0.000322
0.000323
0.000324
0.000330
0.000387
0.000326
0.000325
0.000332
0.000330
0.000363
0.000323
0.000324
0.000322
0.000324
0.000330
0.000325
0.000331
0.000325
0.000326
0.000338
0.000321
0.000322
0.000343
0.000328
0.000324
0.000331
0.000323
0.000327
0.000323
0.000332
0.000323
0.000334
0.000323
0.000323
0.000327
0.000322
0.000333
0.000327
0.000322
0.000330
0.000348
0.000324
0.000330
0.000322
0.000323
0.000326
0.000330
0.000324
0.000327
0.000327
0.000321
0.000330
0.000326
0.000339
0.000327
0.000320
0.000322
0.000327
0.000351
0.000322
0.000325
0.000340
0.000323
0.000363
0.000334
0.000332
0.000323
0.000323
0.000329
0.000325
0.000319
0.000724
0.000323
0.000932
0.000860
0.000340
0.000344
0.000324
0.000665
0.000344
0.000323
0.000323
0.000323
0.000345
0.000323
0.000324
0.000324
0.000332
0.000323
0.000332
0.000323
0.000323
0.000330
0.000528
0.000773
0.000323
0.000327
0.000332
0.000324
0.000321
0.000331
0.000340
0.000323
0.000351
0.000746
0.000322
0.000333
0.000323
0.000324
0.000336
0.000328
0.000323
0.000736
0.000326
0.000345
0.000749
0.000345
0.000328
0.000328
0.000329
0.000322
0.000320
0.000348
0.000331
0.000328
0.000372
0.000436
0.000329
0.000657
0.000321
0.000311
0.000323
0.000319
0.000741
0.000330
0.000325
0.000323
0.000333
0.000330
0.000329
0.000320
0.000324
0.000332
0.000329
0.000325
0.000323
0.000489
0.000329
0.000734
0.000324
0.000324
0.000325
0.000331
0.000360
0.000330
0.000325
0.000855
0.000360
0.000329
0.000324
0.000325
0.000330
0.000344
0.000322
0.000327
0.000322
0.000322
0.000341
0.000325
0.000322
0.000324
0.000323
0.000321
0.000322
0.000332
0.000327
0.000324
0.000887
0.000325
0.000727
0.000322
0.000330
0.000323
0.000328
0.000324
0.000990
0.000329
0.000321
0.000937
0.000331
0.000333
0.000326
0.000745
0.000433
0.000332
0.000323
0.000324
0.000322
0.000324
0.000333
0.000370
0.000321
0.000334
0.000334
0.000323
0.000325
0.000744
0.000332
0.000544
0.000351
0.000437
0.000358
0.000324
0.000329
0.000322
0.000324
0.000327
0.000328
0.000328
0.000332
0.000318
0.000814
0.000322
0.000420
0.000322
0.000323
0.000740
0.000322
0.000323
0.000331
0.000355
0.000327
0.000327
0.000325
0.000657
0.000920
0.000325
0.000361
0.000324
0.000325
0.000325
0.000331
0.000323
0.000350
0.000323
0.000323
0.000329
0.000327
0.000322
0.000343
0.000322
0.000323
0.000339
0.000321
0.000333
0.001019
0.000329
0.000336
0.000326
0.000330
0.000352
0.000324
0.000323
0.000343
0.000341
0.000323
0.000344
0.000331
0.000330
0.000329
0.000334
0.000331
0.000334
0.000334
0.000324
0.000341
0.000329
0.000329
0.000347
0.000332
0.000333
0.000323
0.000340
0.000332
0.000345
0.000332
0.000335
0.000357
0.000324
0.000323
0.000327
0.000334
0.000322
0.000318
0.000331
0.000330
0.000331
0.000348
0.000326
0.000329
0.000339
0.000327
0.000906
0.000329
0.000322
0.000331
0.000327
0.000330
0.000725
0.000546
0.000324
0.000334
0.000354
0.000340
0.000326
0.000567
0.000323
0.000748
0.000576
0.000327
0.000326
0.000323
0.000331
0.000408
0.000333
0.000813
0.000327
0.000325
0.000746
0.000334
0.000324
0.000726
0.000323
0.000363
0.000321
0.000324
0.000334
0.000323
0.000550
0.000327
0.000336
0.000349
0.000332
0.000881
0.000348
0.000336
0.000331
0.000323
0.000330
0.000325
0.000330
0.000334
0.000358
0.000326
0.000342
0.000346
0.000329
0.000902
0.000327
0.000325
0.000370
0.000726
0.000735
0.000323
0.000332
0.000331
0.000324
0.000531
0.000323
0.000335
0.000322
0.000341
0.000328
0.000336
0.000932
0.000329
0.000323
0.000322
0.000329
0.000325
0.000333
0.000323
0.000324
0.000345
0.000330
0.000334
0.000618
0.000323
0.000330
0.000324
0.000340
0.000747
0.000323
0.000328
0.000331
0.000332
0.000329
0.000585
0.000531
0.000324
0.000325
0.000323
0.000324
0.000322
0.000322
0.000327
0.000595
0.000326
0.000330
0.000336
0.000322
0.000899
0.000326
0.000323
0.000328
0.000341
0.000325
0.000332
0.000332
0.000969
0.000331
0.000330
0.000954
0.000357
0.000323
0.000331
0.000325
0.000324
0.000325
0.000339
0.000332
0.000626
0.000322
0.000322
0.000331
0.000481
0.000323
0.000361
0.000324
0.000324
0.000510
0.000816
0.000329
0.000338
0.000334
0.000329
0.000324
0.000323
0.000332
0.000323
0.000331
0.000328
0.000331
0.000336
0.000753
0.000324
0.000323
0.000330
0.000365
0.000550
0.000332
0.000322
0.000324
0.000322
0.000322
0.000331
0.000613
0.000339
0.000324
0.000323
0.000325
0.000335
0.000346
0.000328
0.000323
0.000329
0.000324
0.000330
0.000323
0.000325
0.000511
0.000324
0.000327
0.000723
0.000324
0.000327
0.000324
0.000321
0.000327
0.000318
0.000339
0.000702
0.000339
0.000324
0.000324
0.000342
0.000323
0.000322
0.000324
0.000323
0.000322
0.000326
0.000760
0.000332
0.000331
0.000334
0.000322
0.000333
0.000335
0.000323
0.000339
0.000326
0.000326
0.000322
0.000343
0.000346
0.000330
0.000329
0.000332
0.000322
0.000323
0.000324
0.000319
0.000353
0.000322
0.000323
0.000324
0.000322
0.000323
0.000324
0.000342
0.000327
0.000324
0.000334
0.000322
0.000335
0.000356
0.000334
0.000328
0.000330
0.000330
0.000327
0.000820
0.000354
0.000504
0.000755
0.000343
0.000337
0.000338
0.000321
0.000331
0.000323
0.000336
0.000691
0.000325
0.000331
0.000324
0.000324
0.000339
0.000502
0.000337
0.000331
0.000332
0.000334
0.000772
0.000339
0.000359
0.000322
0.000323
0.000331
0.000332
0.000333
0.000323
0.000323
0.000340
0.000324
0.000622
0.000326
0.000328
0.000323
0.000322
0.000323
0.000323
0.000346
0.000322
0.000325
0.000344
0.000329
0.000342
0.000328
0.000348
0.000332
0.000778
0.000332
0.000332
0.000324
0.000333
0.000347
0.000944
0.000330
0.001028
0.000333
0.000394
0.000791
0.000332
0.000327
0.000341
0.000322
0.000349
0.000333
0.000331
0.000323
0.000339
0.000327
0.000329
0.000356
0.000323
0.000326
0.000354
0.000708
0.000326
0.000728
0.000331
0.000340
0.000327
0.000365
0.000759
0.000326
0.000364
0.000322
0.000342
0.000341
0.000332
0.000337
0.000333
0.000323
0.000322
0.000456
0.000606
0.000483
0.000329
0.000323
0.000726
0.000324
0.000323
0.000322
0.000323
0.000321
0.000330
0.000330
0.000330
0.000333
0.000325
0.000344
0.000327
0.000804
0.000325
0.000332
0.000323
0.000323
0.000337
0.000323
0.000325
0.000334
0.000326
0.000325
0.000326
0.000322
0.000334
0.000327
0.000323
0.000322
0.000328
0.000327
0.000323
0.000329
0.000330
0.000559
0.000727
0.000323
0.000323
0.000329
0.000324
0.000336
0.000339
0.000351
0.000323
0.000318
0.000349
0.000322
0.000320
0.000363
0.000330
0.000325
0.000346
0.000321
0.000323
0.000324
0.000336
0.000322
0.000325
0.000332
0.000333
0.000330
0.000398
0.000746
0.000323
0.000583
0.000724
0.000322
0.000338
0.000323
0.000724
0.000325
0.000327
0.000322
0.000328
0.000497
0.000740
0.000531
0.000945
0.000504
0.000924
0.000335
0.000715
0.000423
0.000767
0.000936
0.000327
0.000331
0.000341
0.000572
0.000326
0.000326
0.000354
0.000340
0.000325
0.000337
0.000325
0.000360
0.000338
0.000332
0.000325
0.000433
0.000333
0.000324
0.000337
0.000368
0.000861
0.000325
0.000460
0.000745
0.000950
0.000405
0.000676
0.000467
0.000330
0.000666
0.000330
0.000339
0.000331
0.000329
0.000324
0.000398
0.000852
0.000519
0.000324
0.000326
0.000326
0.000324
0.000322
0.000725
0.000377
0.000617
0.000347
0.000907
0.000323
0.000332
0.000323
0.000322
0.000324
0.000382
0.000335
0.000728
0.000325
0.000512
0.000451
0.000951
0.000340
0.000317
0.000330
0.000326
0.000955
0.000584
0.000742
0.000518
0.000335
0.000504
0.000560
0.000328
0.000404
0.000324
0.000794
0.000334
0.000348
0.000524
0.000329
0.000717
0.000326
0.000330
0.000329
0.000342
0.000434
0.000927
0.000334
0.000414
0.000332
0.000325
0.000400
0.000737
0.000329
0.000340
0.000324
0.000325
0.000332
0.000336
0.000332
0.000401
0.000331
0.000330
0.000324
0.000321
0.000323
0.000324
0.000325
0.000330
0.000333
0.000884
0.000322
0.000329
0.000330
0.000572
0.000348
0.000332
0.000328
0.000331
0.000418
0.000532
0.000334
0.000336
0.000330
0.000320
0.000326
0.000327
0.000328
0.000425
0.000329
0.000331
0.000343
0.000673
0.000344
0.000326
0.000335
0.000354
0.000331
0.000327
0.000688
0.000368
0.000331
0.000334
0.000331
0.000361
0.000933
0.000336
0.000334
0.000929
0.000352
0.000335
0.000328
0.000324
0.000770
0.000376
0.000326
0.000325
0.000740
0.000345
0.000329
0.000329
0.000975
0.000326
0.000469
0.000526
0.000334
0.000338
0.000738
0.000724
0.000326
0.000350
0.000335
0.000324
0.000342
0.000323
0.000656
0.000739
0.000327
0.000424
0.000337
0.000332
0.000744
0.000330
0.000331
0.000327
0.000330
0.000352
0.000334
0.000321
0.000340
0.000772
0.000321
0.000324
0.000325
0.000324
0.000567
0.000322
0.000327
0.000329
0.000322
0.000325
0.000330
0.000323
0.000325
0.000333
0.000326
0.000326
0.000330
0.000322
0.000343
0.000444
0.000329
0.000325
0.000333
0.000342
0.000331
0.000322
0.000331
0.000323
0.000323
0.000322
0.000342
0.000329
0.000327
0.000350
0.000339
0.000330
0.000324
0.000332
0.000316
0.000350
0.000326
0.000345
0.000323
0.000326
0.000317
0.000332
0.000346
0.000329
0.000323
0.000324
0.000333
0.000321
0.000330
0.000326
0.000327
0.000341
0.000321
0.000330
0.000359
0.000339
0.000477
0.000321
0.000334
0.000323
0.000329
0.000320
0.000338
0.000334
0.000326
0.000322
0.000333
0.000322
0.000337
0.000347
0.000332
0.000339
0.000352
0.000329
0.000322
0.000338
0.000326
0.000327
0.000328
0.000327
0.000335
0.000323
0.000329
0.000331
0.000339
0.000329
0.000329
0.000323
0.000327
0.000320
0.000328
0.000339
0.000325
0.000323
0.000329
0.000329
0.000331
0.000328
0.000333
0.000322
0.000335
0.000348
0.000331
0.000334
0.000323
0.000323
0.000341
0.000333
0.000326
0.000506
0.000366
0.000329
0.000725
0.000334
0.000327
0.000926
0.000324
0.000322
0.000350
0.000342
0.000329
0.000324
0.000327
0.000324
0.000323
0.000322
0.000325
0.000327
0.000321
0.000322
0.000331
0.000321
0.000323
0.000327
0.000332
0.000329
0.000329
0.000333
0.000338
0.000571
0.000500
0.000324
0.000613
0.000324
0.000328
0.000331
0.000321
0.000340
0.000324
0.000340
0.000341
0.000332
0.000331
0.000324
0.000907
0.000326
0.000335
0.000321
0.000329
0.000346
0.000328
0.000322
0.000336
0.000318
0.000327
0.000334
0.000331
0.000323
0.000326
0.000323
0.000345
0.000325
0.000327
0.000322
0.000332
0.000325
0.000324
0.000331
0.001386
0.000331
0.000324
0.000326
0.000321
0.000328
0.000326
0.000321
0.000327
0.000337
0.000331
0.000329
0.000323
0.000322
0.000434
0.000325
0.000325
0.000354
0.000330
0.000332
0.000323
0.000323
0.000342
0.000327
0.000334
0.000341
0.000323
0.000739
0.000324
0.000333
0.000324
0.000733
0.000323
0.000321
0.000331
0.000332
0.000326
0.000318
0.000324
0.000353
0.000320
0.000331
0.000325
0.000326
0.000342
0.000338
0.000330
0.000329
0.000355
0.000324
0.000324
0.000324
0.000333
0.000330
0.000341
0.000730
0.000747
0.000731
0.000330
0.000329
0.000329
0.000364
0.000324
0.000324
0.000324
0.000327
0.000329
0.000342
0.000726
0.000330
0.000326
0.000323
0.000333
0.000847
0.000447
0.000328
0.000332
0.000323
0.000323
0.000325
0.000776
0.000335
0.000323
0.000323
0.000328
0.000507
0.000322
0.000322
0.000324
0.000327
0.000322
0.000322
0.000595
0.000325
0.000325
0.000329
0.000341
0.000322
0.000329
0.000329
0.000323
0.000323
0.000323
0.000425
0.000731
0.000333
0.000323
0.000332
0.000446
0.000478
0.000338
0.000359
0.000321
0.000323
0.000320
0.000323
0.000323
0.000327
0.000726
0.000326
0.000327
0.000336
0.000323
0.000487
0.000333
0.000324
0.000957
0.000325
0.000641
0.000325
0.000328
0.000322
0.000341
0.000894
0.000335
0.000324
0.000324
0.000324
0.000341
0.000335
0.000328
0.000329
0.000713
0.000334
0.000336
0.000325
0.000333
0.000323
0.000327
0.000330
0.000325
0.000324
0.000340
0.000347
0.000323
0.000338
0.000324
0.000327
0.000335
0.000330
0.000324
0.000533
0.000328
0.000326
0.000422
0.000343
0.000349
0.000327
0.000340
0.000331
0.000358
0.000343
0.000330
0.000330
0.000331
0.000449
0.000460
0.000326
0.000324
0.000332
0.000398
0.000334
0.000323
0.000337
0.000330
0.000349
0.000326
0.000340
0.000419
0.000337
0.000324
0.000324
0.000338
0.000333
0.000324
0.000330
0.000324
0.000381
0.000375
0.000324
0.000330
0.000334
0.000323
0.000323
0.000333
0.000328
0.000334
0.000323
0.000331
0.000330
0.000323
0.000812
0.000325
0.000326
0.000537
0.000330
0.000328
0.000322
0.000322
0.000329
0.000330
0.000327
0.000327
0.000326
0.000751
0.000323
0.000330
0.000734
0.000322
0.000334
0.000330
0.000351
0.000659
0.000322
0.000334
0.000328
0.000333
0.000727
0.000640
0.000327
0.000333
0.000323
0.000332
0.000323
0.000359
0.000333
0.000323
0.000332
0.000323
0.000334
0.000330
0.000352
0.000323
0.000325
0.000333
0.000337
0.000325
0.000332
0.000322
0.000323
0.000320
0.000328
0.000323
0.000323
0.000325
0.000327
0.000341
0.000353
0.000532
0.000343
0.000350
0.000322
0.000334
0.000323
0.000337
0.000322
0.000329
0.000322
0.000322
0.000333
0.000321
0.000329
0.000327
0.000335
0.000324
0.000330
0.000330
0.000724
0.000605
0.000327
0.000323
0.000323
0.000331
0.000325
0.000324
0.000528
0.000745
0.000327
0.000326
0.000324
0.000330
0.000330
0.000323
0.000352
0.000326
0.000322
0.000330
0.000332
0.000324
0.000368
0.000331
0.000333
0.000323
0.000325
0.000334
0.000324
0.000330
0.000665
0.000322
0.000324
0.000327
0.000329
0.000324
0.000319
0.000345
0.000329
0.000322
0.000325
0.000348
0.000327
0.000334
0.000334
0.000322
0.000325
0.000320
0.000335
0.000322
0.000323
0.000339
0.000319
0.000341
0.000335
0.000337
0.000331
0.000336
0.000322
0.000324
0.000331
0.000346
0.000337
0.000332
0.000322
0.000329
0.000328
0.000324
0.000332
0.000329
0.000324
0.000331
0.000326
0.000323
0.000324
0.000328
0.000324
0.000324
0.000334
0.000344
0.000326
0.000328
0.000326
0.000330
0.000321
0.000323
0.000335
0.000347
0.000326
0.000340
0.000333
0.000339
0.000324
0.000334
0.000322
0.000324
0.000333
0.000322
0.000326
0.000335
0.000327
0.000327
0.000322
0.000715
0.000332
0.000324
0.000323
0.000751
0.000332
0.000336
0.000323
0.000323
0.000324
0.000331
0.000324
0.000328
0.000830
0.000341
0.000330
0.000333
0.000326
0.000339
0.000329
0.000330
0.000928
0.000568
0.000323
0.000538
0.000336
0.000340
0.000327
0.000323
0.000344
0.000330
0.000322
0.000335
0.000329
0.000323
0.000345
0.000327
0.000334
0.000346
0.000322
0.000334
0.000323
0.000329
0.000326
0.000337
0.000322
0.000324
0.000330
0.000322
0.000333
0.000341
0.000814
0.000333
0.000328
0.000725
0.000726
0.000340
0.000328
0.000324
0.000349
0.000334
0.000320
0.000355
0.000322
0.000327
0.000343
0.000324
0.000333
0.000321
0.000318
0.000322
0.000327
0.000322
0.000330
0.000327
0.000338
0.000323
0.000330
0.000341
0.000326
0.000327
0.000366
0.000350
0.000326
0.000374
0.000337
0.000339
0.000328
0.000332
0.000332
0.000956
0.000323
0.000322
0.000769
0.000340
0.000323
0.000333
0.000324
0.000325
0.000483
0.000337
0.000327
0.000323
0.000348
0.000613
0.000343
0.000323
0.000332
0.000333
0.000321
0.000322
0.000329
0.000327
0.000371
0.000323
0.000332
0.000342
0.000322
0.000321
0.000346
0.000324
0.000323
0.000324
0.000323
0.000323
0.000322
0.000323
0.000782
0.000331
0.000509
0.000402
0.000321
0.000331
0.000337
0.000325
0.000333
0.000328
0.000323
0.000325
0.000340
0.000323
0.000344
0.000324
0.000324
0.000332
0.000327
0.000324
0.000323
0.000325
0.000325
0.000334
0.000330
0.000323
0.000324
0.000323
0.000326
0.000352
0.000333
0.000325
0.000328
0.000324
0.000330
0.000326
0.000323
0.000336
0.000887
0.000379
0.000354
0.000333
0.000330
0.000323
0.000323
0.000338
0.000334
0.000355
0.000325
0.000329
0.000418
0.000340
0.000351
0.000345
0.000348
0.000333
0.000326
0.000568
0.000330
0.000727
0.000330
0.000330
0.000357
0.000326
0.000320
0.000670
0.000339
0.000663
0.000332
0.000937
0.000601
0.000745
0.000332
0.000323
0.000777
0.000909
0.001185
0.000818
0.000333
0.000866
0.000944
0.000891
0.000324
0.000326
0.000348
0.000537
0.000327
0.000328
0.000324
0.000322
0.000323
0.000333
0.000329
0.000324
0.000348
0.000324
0.000331
0.000348
0.000323
0.000323
0.000489
0.000858
0.000328
0.000339
0.000342
0.000325
0.000325
0.000329
0.000332
0.000574
0.000955
0.000508
0.000332
0.000641
0.000331
0.000331
0.000324
0.000326
0.000328
0.000340
0.000328
0.000334
0.000564
0.000353
0.000712
0.000328
0.000324
0.000326
0.000325
0.000349
0.000330
0.000329
0.000323
0.000462
0.000330
0.000447
0.000422
0.000724
0.000581
0.000341
0.000326
0.000404
0.000975
0.000409
0.000327
0.000538
0.000324
0.000324
0.000340
0.000340
0.000395
0.000327
0.000495
0.000330
0.000376
0.000327
0.000900
0.000334
0.000329
0.000726
0.000325
0.000332
0.000352
0.000323
0.000333
0.000554
0.000325
0.000339
0.000327
0.000360
0.000329
0.000328
0.000325
0.000323
0.000325
0.000594
0.000332
0.000337
0.000323
0.000889
0.000471
0.000369
0.000329
0.000328
0.000724
0.000332
0.000885
0.000334
0.000730
0.000335
0.000747
0.000326
0.000727
0.000340
0.000328
0.000323
0.000325
0.000597
0.000336
0.000339
0.000325
0.000346
0.000330
0.000934
0.001542
0.000412
0.000626
0.000608
0.000354
0.000324
0.000325
0.000333
0.000323
0.000323
0.000325
0.000335
0.000334
0.000741
0.000337
0.000334
0.000335
0.000330
0.000326
0.000324
0.000323
0.000329
0.000324
0.000323
0.000328
0.000355
0.000340
0.000659
0.000615
0.000326
0.000342
0.000327
0.000323
0.000344
0.000585
0.000332
0.000334
0.000723
0.000334
0.000339
0.000331
0.000332
0.000766
0.000322
0.000330
0.000933
0.000506
0.000325
0.000347
0.000438
0.000746
0.000331
0.000331
0.000333
0.000326
0.000324
0.000609
0.000324
0.000327
0.000496
0.000325
0.000333
0.000329
0.000320
0.000335
0.000375
0.000373
0.000326
0.000333
0.000333
0.000332
0.000351
0.000320
0.000322
0.000755
0.000323
0.000326
0.000849
0.000345
0.000340
0.000324
0.000336
0.000935
0.000340
0.000729
0.000332
0.000322
0.000333
0.000336
0.000356
0.000345
0.000327
0.000330
