0.000377
0.000413
0.000378
0.000379
0.000373
0.000377
0.000381
0.000373
0.000386
0.000373
0.000387
0.000712
0.000377
0.000372
0.000380
0.000404
0.000382
0.000378
0.000396
0.000699
0.000389
0.000373
0.000372
0.000397
0.000375
0.000376
0.000373
0.000381
0.000375
0.000373
0.000389
0.000380
0.000372
0.000369
0.000381
0.000375
0.000382
0.000381
0.000379
0.000377
0.000372
0.000384
0.000373
0.000376
0.000434
0.000373
0.000373
0.000393
0.000376
0.000379
0.000424
0.000373
0.000385
0.000378
0.000382
0.000373
0.000382
0.000372
0.000373
0.000373
0.000381
0.000374
0.000379
0.000389
0.000377
0.000382
0.000379
0.000374
0.000464
0.000381
0.000372
0.000380
0.000388
0.000425
0.000374
0.000373
0.000378
0.000375
0.000482
0.000902
0.000403
0.000374
0.000373
0.000390
0.000372
0.000393
0.000372
0.000373
0.000384
0.000373
0.000382
0.000379
0.001110
0.000372
0.000373
0.000376
0.000603
0.000493
0.000368
0.000370
0.000382
0.000373
0.000406
0.000382
0.000377
0.000391
0.000381
0.000373
0.000389
0.000384
0.000373
0.000396
0.000382
0.000381
0.000389
0.000376
0.000369
0.000417
0.000376
0.000368
0.000407
0.000373
0.000384
0.000388
0.000371
0.000373
0.000390
0.000375
0.000383
0.000392
0.000378
0.000371
0.000436
0.000370
0.000377
0.000369
0.000372
0.000387
0.000395
0.000372
0.000383
0.000394
0.000386
0.000374
0.000401
0.000372
0.000375
0.000410
0.000425
0.000372
0.000371
0.000390
0.000373
0.000382
0.000379
0.000383
0.000393
0.000377
0.000381
0.000373
0.000377
0.000384
0.000416
0.000374
0.000372
0.000372
0.000369
0.000371
0.000381
0.000376
0.000372
0.000378
0.000373
0.000374
0.000372
0.000383
0.000372
0.000411
0.000380
0.000383
0.000373
0.000377
0.000394
0.000372
0.000399
0.000376
0.000373
0.000385
0.000377
0.000372
0.000844
0.000385
0.000622
0.000373
0.000376
0.000380
0.000380
0.000390
0.000376
0.000374
0.000381
0.000383
0.000383
0.000370
0.000781
0.000375
0.000367
0.000390
0.000380
0.000370
0.000397
0.000374
0.000373
0.000436
0.000372
0.000372
0.000392
0.000401
0.000378
0.000401
0.000381
0.000373
0.000399
0.000373
0.000373
0.000412
0.000381
0.000381
0.000371
0.000384
0.000372
0.000385
0.000391
0.000378
0.000381
0.000380
0.000393
0.000376
0.000391
0.000385
0.000382
0.000381
0.000391
0.000370
0.000372
0.000372
0.000415
0.000411
0.000648
0.000377
0.000927
0.000383
0.000391
0.000392
0.000374
0.000405
0.000378
0.000368
0.000372
0.000372
0.000392
0.000377
0.000374
0.000400
0.000384
0.000373
0.000380
0.000373
0.000380
0.000371
0.000379
0.000376
0.000379
0.000387
0.000396
0.000398
0.000368
0.000370
0.000372
0.000383
0.000375
0.000373
0.000380
0.000376
0.000374
0.000388
0.000383
0.000383
0.000387
0.000380
0.000385
0.000373
0.000371
0.000376
0.000380
0.000384
0.000372
0.000372
0.000383
0.000376
0.000374
0.000373
0.000384
0.000387
0.000374
0.000382
0.000464
0.000373
0.000392
0.000389
0.000786
0.000396
0.000376
0.000374
0.000381
0.000384
0.000875
0.000589
0.000417
0.000372
0.000374
0.000389
0.000376
0.000382
0.000401
0.000741
0.000723
0.000411
0.000373
0.000380
0.000376
0.000376
0.000381
0.000383
0.000398
0.000380
0.000371
0.000374
0.000369
0.000384
0.000388
0.000372
0.000522
0.000493
0.000383
0.000376
0.000380
0.000373
0.000377
0.000372
0.000372
0.000383
0.000377
0.000373
0.000382
0.000381
0.000387
0.000409
0.000381
0.000373
0.000447
0.000373
0.000392
0.000407
0.000376
0.000383
0.000401
0.000370
0.000416
0.000397
0.000374
0.000412
0.000430
0.000381
0.000384
0.000396
0.000372
0.000386
0.000403
0.000374
0.000372
0.000372
0.000382
0.000377
0.000439
0.000372
0.000423
0.000401
0.000374
0.000374
0.000373
0.000377
0.000387
0.000382
0.000382
0.000372
0.000380
0.001064
0.001006
0.000368
0.000838
0.000377
0.000374
0.000373
0.000381
0.000380
0.000369
0.000376
0.000381
0.000392
0.000373
0.000374
0.000391
0.000384
0.000659
0.000424
0.000376
0.000373
0.000373
0.000377
0.000384
0.000419
0.000376
0.000379
0.000394
0.000376
0.000382
0.000381
0.000384
0.000374
0.000856
0.000917
0.000373
0.000373
0.000376
0.000372
0.000385
0.000373
0.000373
0.000385
0.000373
0.000389
0.000373
0.000372
0.000376
0.000375
0.000840
0.000834
0.000373
0.000383
0.000444
0.000368
0.000384
0.000577
0.000390
0.000372
0.000373
0.000380
0.000380
0.000372
0.000373
0.000387
0.000384
0.000373
0.000371
0.000385
0.000372
0.000373
0.000370
0.000385
0.000373
0.000373
0.000391
0.000383
0.000374
0.000375
0.000372
0.000373
0.000393
0.000373
0.000375
0.000421
0.000376
0.000373
0.000379
0.000380
0.000372
0.000390
0.000377
0.000373
0.000378
0.001068
0.000612
0.000898
0.000373
0.000383
0.000377
0.000371
0.000374
0.000375
0.000418
0.000836
0.000390
0.000376
0.000382
0.000386
0.000371
0.000381
0.000391
0.000375
0.000380
0.000410
0.000511
0.000373
0.000377
0.000372
0.000384
0.000374
0.000370
0.000371
0.000377
0.000377
0.000381
0.000491
0.000389
0.000617
0.000370
0.000375
0.000372
0.000391
0.000381
0.000377
0.000375
0.000380
0.000385
0.000422
0.000373
0.000380
0.000373
0.000378
0.000373
0.000399
0.000382
0.000380
0.000392
0.000376
0.000760
0.000870
0.000373
0.000388
0.000372
0.000384
0.000374
0.000373
0.001049
0.000376
0.000375
0.000373
0.000380
0.000634
0.000373
0.000385
0.000374
0.000377
0.000843
0.000392
0.000386
0.000371
0.000372
0.000369
0.000392
0.000371
0.000370
0.000405
0.000843
0.000887
0.000372
0.000384
0.000384
0.000372
0.000390
0.000369
0.000376
0.000396
0.000388
0.000375
0.000788
0.000380
0.000832
0.000371
0.000381
0.000379
0.000380
0.000373
0.000373
0.000373
0.000403
0.000410
0.000372
0.000416
0.000372
0.000374
0.000374
0.000382
0.000381
0.000410
0.000374
0.000837
0.000373
0.000384
0.000460
0.000372
0.000375
0.000744
0.000375
0.000394
0.000376
0.000369
0.000372
0.000380
0.000372
0.000412
0.000388
0.000381
0.000385
0.000374
0.000381
0.000405
0.000369
0.000378
0.000392
0.000372
0.000375
0.000372
0.000372
0.000374
0.000383
0.000376
0.000380
0.000382
0.000377
0.000377
0.000391
0.000372
0.000684
0.000372
0.000403
0.000381
0.000381
0.000394
0.000376
0.000380
0.000396
0.000375
0.000384
0.000398
0.000373
0.000372
0.000391
0.000376
0.000372
0.000373
0.000388
0.000373
0.000373
0.000865
0.000652
0.000456
0.000377
0.000384
0.000388
0.000381
0.000382
0.000389
0.000377
0.000373
0.000372
0.000376
0.000378
0.000369
0.000372
0.000375
0.000373
0.000371
0.000375
0.000381
0.000373
0.000376
0.000384
0.000375
0.000382
0.000373
0.000381
0.000389
0.000370
0.000695
0.000386
0.000388
0.000373
0.000373
0.000387
0.000370
0.000394
0.000373
0.000382
0.000417
0.000377
0.000386
0.000396
0.000373
0.000392
0.000399
0.000381
0.000610
0.000381
0.000376
0.000373
0.000378
0.000373
0.000378
0.000371
0.000380
0.000377
0.000373
0.000372
0.000382
0.000370
0.000372
0.000380
0.000381
0.000373
0.000383
0.000378
0.000377
0.000376
0.000372
0.000373
0.000375
0.000376
0.000377
0.000392
0.000369
0.000377
0.000372
0.000421
0.000384
0.000373
0.000393
0.000375
0.000384
0.000373
0.000371
0.000372
0.000390
0.000392
0.000380
0.001382
0.001125
0.000374
0.000377
0.000369
0.000376
0.000381
0.000373
0.000372
0.000377
0.000469
0.000381
0.000374
0.000373
0.000376
0.000380
0.000384
0.000381
0.000393
0.000381
0.000376
0.000393
0.000385
0.000381
0.000377
0.000372
0.000375
0.000675
0.000856
0.000374
0.000372
0.000405
0.000373
0.000388
0.000398
0.000374
0.000375
0.000437
0.000370
0.000385
0.000389
0.000372
0.000371
0.000394
0.000376
0.000375
0.000415
0.000373
0.000369
0.000403
0.000377
0.000370
0.000374
0.000375
0.000372
0.000378
0.000372
0.000380
0.000373
0.000989
0.001051
0.000372
0.000371
0.000380
0.000373
0.000373
0.000374
0.000373
0.000379
0.000376
0.000373
0.000373
0.000369
0.000392
0.000384
0.000382
0.000374
0.000391
0.000376
0.000405
0.000373
0.000377
0.000413
0.000400
0.000373
0.000400
0.000379
0.000376
0.000855
0.000686
0.000370
0.000383
0.000411
0.000374
0.000372
0.000398
0.000374
0.000357
0.000427
0.000372
0.000372
0.000403
0.000381
0.000378
0.000400
0.000374
0.000369
0.000417
0.000856
0.000435
0.000389
0.000374
0.000374
0.000405
0.000385
0.000373
0.000368
0.000375
0.000700
0.000372
0.000703
0.000394
0.000392
0.000865
0.000370
0.000379
0.000383
0.000374
0.000374
0.000393
0.000373
0.000376
0.000375
0.000373
0.000371
0.000376
0.000379
0.000377
0.000385
0.000380
0.000373
0.000384
0.000372
0.000378
0.000376
0.000377
0.000376
0.000374
0.000382
0.000384
0.000382
0.000857
0.000860
0.000380
0.000373
0.000374
0.000373
0.000372
0.000384
0.000372
0.000381
0.000554
0.000374
0.001521
0.000384
0.000383
0.000374
0.000373
0.000400
0.000371
0.000385
0.000389
0.000372
0.000384
0.000847
0.000645
0.000372
0.000373
0.000370
0.000373
0.000396
0.000379
0.000374
0.000372
0.000381
0.000373
0.000377
0.000385
0.000372
0.000375
0.000377
0.000383
0.000376
0.000384
0.000382
0.000373
0.000383
0.000659
0.000396
0.000377
0.000372
0.000411
0.000384
0.000383
0.000381
0.000369
0.000383
0.000395
0.000384
0.000375
0.000400
0.000377
0.000373
0.000408
0.000373
0.000378
0.000396
0.000432
0.000388
0.000392
0.000382
0.000381
0.000386
0.000372
0.000374
0.000422
0.000377
0.000369
0.000394
0.000380
0.000375
0.000373
0.000407
0.000401
0.000373
0.000390
0.000375
0.000384
0.000373
0.000378
0.000373
0.000373
0.000380
0.000380
0.000376
0.000377
0.000382
0.000395
0.000493
0.000422
0.000670
0.000377
0.000374
0.000379
0.000376
0.000408
0.000385
0.000392
0.000394
0.000384
0.000375
0.000418
0.000371
0.000372
0.000371
0.000384
0.000373
0.000404
0.000384
0.000373
0.000372
0.000377
0.000472
0.000537
0.000377
0.000379
0.000379
0.000381
0.000386
0.000373
0.000747
0.000524
0.000840
0.000495
0.000378
0.000390
0.000371
0.000382
0.000377
0.000375
0.000376
0.000473
0.000376
0.000393
0.000835
0.000377
0.000530
0.000378
0.000385
0.000384
0.000970
0.000864
0.000379
0.000456
0.000373
0.000384
0.000473
0.000437
0.000379
0.000386
0.000971
0.000410
0.000374
0.000388
0.000693
0.000380
0.000385
0.000381
0.000392
0.000372
0.000394
0.000382
0.000372
0.000378
0.000384
0.000963
0.000377
0.000872
0.000378
0.000384
0.001079
0.000384
0.000374
0.000398
0.000376
0.000767
0.000476
0.000647
0.000400
0.000547
0.000373
0.000375
0.000384
0.000386
0.000782
0.000374
0.000636
0.000378
0.000388
0.001063
0.000377
0.000401
0.000371
0.000375
0.000381
0.000372
0.000376
0.000373
0.000380
0.000396
0.000385
0.000376
0.000376
0.000708
0.000375
0.000384
0.000382
0.000381
0.000384
0.000382
0.000376
0.000377
0.000379
0.000381
0.000389
0.000372
0.000401
0.000385
0.000369
0.000376
0.000377
0.000374
0.000373
0.000376
0.000372
0.000408
0.000390
0.000375
0.000399
0.000372
0.000371
0.000373
0.000385
0.000369
0.000392
0.000373
0.000381
0.000645
0.000376
0.000401
0.000384
0.000666
0.000370
0.000375
0.000369
0.000378
0.000377
0.000490
0.000518
0.000909
0.000372
0.000396
0.000391
0.000381
0.000374
0.000380
0.000395
0.000380
0.000374
0.000375
0.000785
0.001044
0.000421
0.000387
0.000374
0.000396
0.000381
0.000383
0.000379
0.000373
0.000369
0.000389
0.000392
0.000372
0.000372
0.000436
0.000400
0.000378
0.000388
0.000373
0.000403
0.000382
0.000375
0.000405
0.000373
0.000377
0.000373
0.000407
0.000381
0.000917
0.000383
0.000708
0.000383
0.000371
0.000374
0.000372
0.000374
0.000460
0.000728
0.000374
0.000372
0.000377
0.001003
0.000378
0.000372
0.000839
0.000384
0.000617
0.000809
0.000380
0.000380
0.000376
0.000378
0.001064
0.000471
0.000388
0.000380
0.000780
0.000386
0.000377
0.000383
0.000387
0.000399
0.000377
0.000416
0.000380
0.000373
0.000370
0.000385
0.000379
0.001046
0.001016
0.000381
0.000376
0.000368
0.000378
0.000392
0.000378
0.000377
0.000380
0.000371
0.000374
0.000375
0.000480
0.000394
0.000441
0.000376
0.000386
0.000556
0.001010
0.000912
0.000392
0.001101
0.000897
0.000456
0.001037
0.000378
0.000410
0.000386
0.000380
0.000407
0.000368
0.000430
0.000401
0.000388
0.000376
0.000391
0.000945
0.000377
0.000386
0.000374
0.000384
0.000389
0.000374
0.000370
0.000370
0.000371
0.000375
0.000751
0.000382
0.000409
0.000620
0.000832
0.000640
0.000382
0.000378
0.000377
0.000384
0.000676
0.000374
0.000388
0.000859
0.000391
0.000392
0.000386
0.000381
0.000373
0.000402
0.000401
0.001141
0.000387
0.000394
0.000383
0.000438
0.000599
0.000404
0.000378
0.000370
0.000376
0.000852
0.000382
0.000872
0.000961
0.000856
0.000806
0.000381
0.000374
0.000405
0.000402
0.000375
0.000376
0.000370
0.000361
0.000376
0.000431
0.000378
0.000375
0.000375
0.000380
0.000904
0.000372
0.000375
0.000385
0.000376
0.000382
0.000501
0.000438
0.001107
0.000379
0.000419
0.000374
0.000372
0.000376
0.000373
0.000415
0.000392
0.000646
0.000379
0.000680
0.000416
0.000703
0.000383
0.000885
0.000869
0.000372
0.000823
0.000492
0.000382
0.000555
0.000376
0.000385
0.000860
0.001077
0.000382
0.000375
0.000473
0.000840
0.001094
0.000409
0.000500
0.000916
0.000378
0.000400
0.000375
0.000387
0.000547
0.000845
0.000439
0.000380
0.000372
0.000372
0.000372
0.000507
0.000442
0.000374
0.000384
0.000377
0.000403
0.000379
0.000390
0.000417
0.000374
0.000373
0.000376
0.000385
0.000388
0.000387
0.000402
0.000387
0.000379
0.000380
0.000384
0.000378
0.000374
0.000385
0.000391
0.000495
0.000602
0.001041
0.000422
0.000380
0.000391
0.000374
0.000373
0.000372
0.000376
0.000379
0.000377
0.000377
0.000423
0.000376
0.000376
0.000382
0.000696
0.000393
0.000430
0.000391
0.000383
0.000383
0.000376
0.000376
0.000374
0.000374
0.000383
0.000777
0.000376
0.000377
0.000374
0.001052
0.000382
0.000389
0.000400
0.000385
0.000376
0.000400
0.000379
0.000373
0.000401
0.000378
0.000534
0.000390
0.000381
0.000385
0.000375
0.000380
0.000382
0.000392
0.000826
0.000391
0.000816
0.000414
0.000829
0.000402
0.000378
0.000369
0.000411
0.000807
0.000911
0.000374
0.000380
0.000548
0.000686
0.001080
0.000487
0.000440
0.000401
0.000378
0.000443
0.000383
0.000383
0.000390
0.000376
0.000376
0.000374
0.000388
0.000381
0.000377
0.000374
0.000372
0.000372
0.000611
0.000372
0.000389
0.000380
0.000377
0.000394
0.000373
0.000376
0.000374
0.000373
0.000371
0.000366
0.000373
0.000379
0.000381
0.000371
0.000400
0.000395
0.000373
0.000373
0.000373
0.000382
0.000374
0.000379
0.000382
0.000372
0.000379
0.000372
0.000377
0.000373
0.000596
0.000880
0.000376
0.000373
0.000380
0.000373
0.000380
0.000381
0.000371
0.000386
0.000372
0.000381
0.000393
0.000383
0.000399
0.000374
0.000381
0.000377
0.000380
0.000380
0.000374
0.000373
0.000387
0.000373
0.000383
0.000375
0.000388
0.000410
0.000399
0.000371
0.000383
0.000372
0.000378
0.000374
0.000373
0.000382
0.000373
0.000373
0.000519
0.000873
0.000380
0.000373
0.000381
0.000377
0.000372
0.000527
0.000828
0.000381
0.000378
0.000374
0.000378
0.000372
0.000374
0.000376
0.000374
0.000391
0.000374
0.000377
0.000390
0.000376
0.000373
0.000381
0.000374
0.000861
0.000369
0.001009
0.000376
0.000374
0.000761
0.000396
0.000375
0.000371
0.000390
0.000381
0.000377
0.000381
0.000372
0.000374
0.000373
0.000384
0.000382
0.000374
0.000396
0.000375
0.000381
0.000389
0.000419
0.000388
0.000416
0.000374
0.000375
0.000375
0.000379
0.000837
0.000837
0.000366
0.000373
0.000435
0.000374
0.000548
0.000376
0.000373
0.000393
0.000373
0.000369
0.000371
0.000375
0.000387
0.000383
0.000383
0.000844
0.000375
0.000380
0.000376
0.000373
0.000377
0.000371
0.000421
0.000372
0.000373
0.000373
0.000375
0.000377
0.000376
0.000384
0.000434
0.000372
0.000380
0.000377
0.000371
0.000387
0.000462
0.001081
0.000383
0.000397
0.000380
0.000381
0.000377
0.000373
0.000377
0.000851
0.001227
0.000913
0.000390
0.000381
0.000372
0.000378
0.000380
0.000384
0.000415
0.000380
0.000376
0.000380
0.000377
0.000376
0.000380
0.000401
0.000380
0.000934
0.000414
0.000377
0.000373
0.000430
0.000374
0.000383
0.000373
0.000399
0.000382
0.000371
0.000374
0.000376
0.000375
0.000628
0.000376
0.000373
0.000373
0.000383
0.000391
0.000391
0.000384
0.000407
0.000865
0.001022
0.000384
0.000371
0.000377
0.000374
0.000376
0.000385
0.000393
0.000435
0.000377
0.000383
0.000374
0.000375
0.000391
0.000380
0.000384
0.000369
0.000389
0.000373
0.000380
0.000380
0.000396
0.000851
0.000410
0.000374
0.000372
0.000373
0.000383
0.000373
0.000374
0.000372
0.000401
0.000372
0.000376
0.000387
0.000381
0.000396
0.000380
0.000372
0.000845
0.000888
0.000381
0.000372
0.000610
0.000894
0.000385
0.000872
0.000382
0.000388
0.000370
0.000373
0.000382
0.000373
0.000380
0.000376
0.000376
0.000400
0.000373
0.000366
0.000377
0.000381
0.000395
0.000838
0.000373
0.000385
0.000382
0.000375
0.000395
0.000373
0.000836
0.000864
0.000373
0.000381
0.000372
0.000383
0.000372
0.000582
0.000373
0.000443
0.000371
0.000554
0.000382
0.000396
0.000373
0.000370
0.000370
0.000617
0.000372
0.000397
0.000379
0.000383
0.000383
0.000382
0.000879
0.000380
0.000375
0.000394
0.000373
0.000373
0.000371
0.000372
0.000372
0.000394
0.000374
0.000375
0.000384
0.000381
0.000393
0.000382
0.000372
0.000373
0.000374
0.000373
0.000374
0.000373
0.000377
0.000377
0.000381
0.000646
0.000383
0.000373
0.000374
0.000856
0.000372
0.000378
0.000376
0.000376
0.000808
0.000375
0.000383
0.000909
0.000891
0.000375
0.000415
0.000373
0.000387
0.000408
0.000373
0.000380
0.000380
0.000375
0.000374
0.000373
0.000694
0.000371
0.000392
0.000380
0.000379
0.000393
0.000377
0.000388
0.000375
0.000373
0.000387
0.000852
0.000384
0.000367
0.000378
0.000373
0.000376
0.000373
0.000380
0.000709
0.000396
0.000373
0.000386
0.000385
0.000375
0.000372
0.000387
0.000373
0.000380
0.000392
0.000378
0.000372
0.000394
0.000374
0.000378
0.000381
0.000373
0.000380
0.000378
0.000377
0.000378
0.000376
0.000381
0.000373
0.000380
0.000377
0.000371
0.000373
0.000389
0.000954
0.000676
0.000392
0.000374
0.000379
0.000385
0.000426
0.000391
0.000381
0.000472
0.000373
0.000400
0.000382
0.000372
0.000664
0.000393
0.000376
0.000445
0.000375
0.000380
0.000373
0.000376
0.000373
0.000467
0.000406
0.000388
0.000372
0.000392
0.000374
0.000373
0.000393
0.000383
0.000464
0.000394
0.000383
0.000376
0.000408
0.000434
0.000379
0.000391
0.000708
0.000373
0.000383
0.000374
0.000373
0.000376
0.000374
0.000376
0.000374
0.000371
0.000376
0.000377
0.000379
0.000381
0.000381
0.000371
0.000373
0.000377
0.000382
0.000372
0.000382
0.000382
0.000373
0.000379
0.000383
0.000373
0.000375
0.000401
0.000384
0.000384
0.000381
0.000373
0.000380
0.000370
0.000379
0.000377
0.000374
0.000373
0.000372
0.000381
0.000383
0.000398
0.000400
0.000381
0.000376
0.000375
0.000374
0.000375
0.000387
0.000374
