0.000293
0.000282
0.000279
0.000280
0.000281
0.000280
0.000284
0.000286
0.000279
0.000436
0.000280
0.000280
0.000650
0.000281
0.000285
0.000630
0.000289
0.000280
0.000285
0.000298
0.000283
0.000289
0.000280
0.000287
0.000291
0.000290
0.000280
0.000279
0.000282
0.000288
0.000302
0.000288
0.000285
0.000280
0.000283
0.000289
0.000284
0.000282
0.000279
0.000371
0.000289
0.000280
0.000282
0.000281
0.000278
0.000279
0.000334
0.000280
0.000279
0.000286
0.000280
0.000277
0.000278
0.000280
0.000287
0.000284
0.000284
0.000299
0.000280
0.000290
0.000283
0.000280
0.000289
0.000281
0.000282
0.000301
0.000279
0.000291
0.000282
0.000286
0.000280
0.000284
0.000289
0.000279
0.000287
0.000280
0.000553
0.000649
0.000280
0.000281
0.000286
0.000282
0.000281
0.000281
0.000288
0.000280
0.000286
0.000285
0.000822
0.000290
0.000285
0.000811
0.000612
0.000282
0.000292
0.000642
0.000280
0.000293
0.000285
0.000829
0.000723
0.000689
0.000517
0.000633
0.000510
0.000810
0.000281
0.000284
0.000401
0.000628
0.000815
0.000286
0.000290
0.000279
0.000317
0.000317
0.000519
0.000296
0.000291
0.000653
0.000749
0.000281
0.000377
0.000787
0.000281
0.000294
0.000636
0.000646
0.000291
0.000769
0.000850
0.000281
0.000645
0.000819
0.000281
0.000284
0.000632
0.000285
0.000289
0.000616
0.000815
0.000289
0.000807
0.000654
0.000625
0.000627
0.000811
0.000289
0.000632
0.000285
0.000286
0.000630
0.000690
0.000507
0.000494
0.000296
0.000294
0.000279
0.000708
0.000309
0.000298
0.000282
0.000283
0.000280
0.000671
0.000526
0.000281
0.000432
0.000294
0.000283
0.000280
0.000310
0.000285
0.000281
0.000279
0.000838
0.000286
0.000280
0.000286
0.000284
0.000281
0.000671
0.000299
0.000289
0.000289
0.000301
0.000290
0.000370
0.000288
0.000281
0.000280
0.000282
0.000279
0.000283
0.000288
0.000280
0.000279
0.000280
0.000429
0.000286
0.000307
0.000353
0.000541
0.000285
0.000308
0.000289
0.000281
0.000281
0.000292
0.000283
0.000287
0.000284
0.000286
0.000796
0.000289
0.000310
0.000328
0.000286
0.000284
0.000490
0.000432
0.000304
0.000279
0.000283
0.000284
0.000280
0.000313
0.000662
0.000508
0.000799
0.000324
0.000279
0.000281
0.000290
0.000287
0.000281
0.000279
0.000331
0.000288
0.000653
0.000546
0.000305
0.000290
0.000289
0.000281
0.000289
0.000284
0.000281
0.000283
0.000280
0.000279
0.000280
0.000286
0.000316
0.000279
0.000277
0.000285
0.000283
0.000293
0.000286
0.000278
0.000280
0.000280
0.000665
0.000482
0.000290
0.000285
0.000282
0.000279
0.000278
0.000281
0.000285
0.000288
0.000295
0.000288
0.000734
0.000524
0.000296
0.000281
0.000285
0.000283
0.000363
0.000285
0.000281
0.000287
0.000297
0.000285
0.000604
0.000288
0.000282
0.000627
0.000561
0.000319
0.000292
0.000291
0.000811
0.000317
0.000289
0.000287
0.000283
0.000282
0.000453
0.000294
0.000622
0.000283
0.000657
0.000282
0.000613
0.000284
0.000656
0.000506
0.000636
0.000625
0.000297
0.000286
0.000287
0.000281
0.000295
0.000286
0.000298
0.000282
0.000486
0.000294
0.000292
0.000792
0.000290
0.000628
0.000293
0.000285
0.000510
0.000632
0.000287
0.000766
0.000473
0.000413
0.000642
0.000282
0.000285
0.000313
0.000298
0.000306
0.000284
0.000279
0.000291
0.000289
0.000281
0.000355
0.000555
0.000286
0.000290
0.000410
0.000629
0.000292
0.000528
0.000307
0.000709
0.000630
0.000632
0.000281
0.000626
0.000307
0.000821
0.000290
0.000298
0.000287
0.000294
0.000288
0.000281
0.000288
0.000851
0.000283
0.000284
0.000283
0.000279
0.000279
0.000350
0.000563
0.000286
0.000289
0.000484
0.000431
0.000287
0.000626
0.000368
0.000630
0.000283
0.000566
0.000639
0.000290
0.000288
0.000298
0.000281
0.000326
0.000381
0.000630
0.000281
0.000286
0.000311
0.000281
0.000629
0.000369
0.000627
0.000283
0.000289
0.000564
0.000280
0.000300
0.000288
0.000342
0.000410
0.000294
0.000281
0.000282
0.000411
0.000281
0.000301
0.000525
0.000648
0.000282
0.000818
0.000339
0.000283
0.000279
0.000652
0.000534
0.000283
0.000597
0.000851
0.000584
0.000777
0.000283
0.000284
0.000279
0.000286
0.000282
0.000289
0.000280
0.000283
0.000286
0.000280
0.000290
0.000279
0.000289
0.000284
0.000280
0.000281
0.000290
0.000283
0.000290
0.000280
0.000280
0.000284
0.000287
0.000279
0.000283
0.000288
0.000283
0.000288
0.000290
0.000290
0.000292
0.000293
0.000281
0.000631
0.000364
0.000285
0.000279
0.000275
0.000285
0.000279
0.000279
0.000301
0.000281
0.000279
0.000282
0.000280
0.000279
0.000286
0.000288
0.000276
0.000289
0.000281
0.000280
0.000280
0.000289
0.000280
0.000280
0.000304
0.000280
0.000283
0.000280
0.000289
0.000288
0.000291
0.000283
0.000288
0.000290
0.000291
0.000280
0.000284
0.000334
0.000282
0.000279
0.000289
0.000279
0.000291
0.000281
0.000281
0.000287
0.000281
0.000286
0.000286
0.000279
0.000336
0.000290
0.000284
0.000280
0.000279
0.000280
0.000292
0.000287
0.000280
0.000288
0.000284
0.000281
0.000283
0.000296
0.000280
0.000276
0.000280
0.000286
0.000282
0.000281
0.000280
0.000287
0.000284
0.000283
0.000295
0.000294
0.000280
0.000282
0.000289
0.000280
0.000279
0.000288
0.000280
0.000280
0.000292
0.000283
0.000280
0.000280
0.000281
0.000283
0.000287
0.000281
0.000282
0.000279
0.000280
0.000283
0.000281
0.000277
0.000280
0.000278
0.000279
0.000284
0.000284
0.000278
0.000298
0.000283
0.000283
0.000281
0.000284
0.000288
0.000279
0.000283
0.000283
0.000280
0.000294
0.000292
0.000290
0.000296
0.000281
0.000284
0.000289
0.000281
0.000280
0.000280
0.000289
0.000290
0.000295
0.000283
0.000279
0.000288
0.000281
0.000282
0.000282
0.000281
0.000279
0.000281
0.000287
0.000283
0.000325
0.000300
0.000279
0.000281
0.000285
0.000278
0.000274
0.000294
0.000290
0.000279
0.000280
0.000285
0.000281
0.000281
0.000281
0.000284
0.000279
0.000292
0.000282
0.000291
0.000282
0.000424
0.000828
0.000290
0.000287
0.000282
0.000281
0.000290
0.000299
0.000280
0.000280
0.000282
0.000633
0.000644
0.000293
0.000289
0.000293
0.000282
0.000284
0.000286
0.000281
0.000280
0.000289
0.000402
0.000839
0.000282
0.000300
0.000663
0.000289
0.000290
0.000283
0.000280
0.000280
0.000288
0.000296
0.000280
0.000281
0.000281
0.000289
0.000281
0.000284
0.000282
0.000280
0.000282
0.000283
0.000283
0.000290
0.000285
0.000290
0.000282
0.000289
0.000283
0.000332
0.000300
0.000283
0.000279
0.000282
0.000280
0.000277
0.000286
0.000282
0.000284
0.000277
0.000287
0.000283
0.000449
0.000281
0.000291
0.000291
0.000280
0.000280
0.000280
0.000278
0.000280
0.000284
0.000293
0.000279
0.000294
0.000303
0.000283
0.000280
0.000318
0.000280
0.000277
0.000304
0.000291
0.000276
0.000278
0.000284
0.000293
0.000281
0.000279
0.000282
0.000280
0.000333
0.000289
0.000279
0.000280
0.000279
0.000297
0.000281
0.000281
0.000279
0.000282
0.000547
0.000290
0.000279
0.000678
0.000620
0.000285
0.000279
0.000522
0.000295
0.000281
0.000282
0.000279
0.000279
0.000571
0.000281
0.000279
0.000293
0.000282
0.000289
0.000280
0.000279
0.000470
0.000295
0.000427
0.000284
0.000280
0.000280
0.000280
0.000281
0.000282
0.000624
0.000811
0.000284
0.000278
0.000289
0.000281
0.000301
0.000278
0.000293
0.000295
0.000305
0.000351
0.000280
0.000563
0.000286
0.000280
0.000344
0.000280
0.000283
0.000279
0.000280
0.000282
0.000283
0.000281
0.000300
0.000465
0.000752
0.000282
0.000280
0.000282
0.000279
0.000350
0.000289
0.000280
0.000279
0.000279
0.000280
0.000279
0.000286
0.000302
0.000284
0.000282
0.000290
0.000282
0.000288
0.000281
0.000280
0.000282
0.000284
0.000287
0.000312
0.000289
0.000280
0.000286
0.000284
0.000279
0.000280
0.000289
0.000275
0.000281
0.000277
0.000286
0.000285
0.000288
0.000280
0.000281
0.000639
0.000289
0.000289
0.000279
0.000279
0.000278
0.000282
0.000280
0.000281
0.000280
0.000289
0.000417
0.000293
0.000279
0.000280
0.000281
0.000281
0.000283
0.000284
0.000288
0.000280
0.000293
0.000281
0.000285
0.000280
0.000277
0.000284
0.000287
0.000283
0.000286
0.000289
0.000281
0.000284
0.000281
0.000283
0.000279
0.000280
0.000279
0.000280
0.000280
0.000282
0.000289
0.000283
0.000287
0.000286
0.000281
0.000281
0.000288
0.000285
0.000281
0.000288
0.000284
0.000282
0.000281
0.000282
0.000283
0.000280
0.000283
0.000319
0.000307
0.000284
0.000290
0.000282
0.000279
0.000282
0.000279
0.000282
0.000277
0.000285
0.000288
0.000286
0.000282
0.000281
0.000287
0.000284
0.000281
0.000280
0.000280
0.000296
0.000637
0.000629
0.000550
0.000282
0.000284
0.000291
0.000278
0.000280
0.000284
0.000284
0.000285
0.000281
0.000281
0.000282
0.000288
0.000284
0.000283
0.000289
0.000288
0.000281
0.000284
0.000282
0.000281
0.000282
0.000290
0.000285
0.000288
0.000281
0.000281
0.000275
0.000290
0.000280
0.000278
0.000281
0.000284
0.000280
0.000300
0.000280
0.000284
0.000283
0.000283
0.000281
0.000583
0.000281
0.000281
0.000303
0.000284
0.000280
0.000304
0.000279
0.000296
0.000281
0.000280
0.000283
0.000292
0.000287
0.000280
0.000286
0.000281
0.000286
0.000280
0.000633
0.000643
0.000289
0.000282
0.000282
0.000284
0.000291
0.000316
0.000828
0.000791
0.000277
0.000296
0.000279
0.000287
0.000287
0.000281
0.000280
0.000293
0.000285
0.000278
0.000287
0.000279
0.000293
0.000280
0.000288
0.000280
0.000287
0.000283
0.000280
0.000288
0.000275
0.000293
0.000334
0.000289
0.000281
0.000282
0.000281
0.000288
0.000281
0.000406
0.000633
0.000291
0.000286
0.000691
0.000416
0.000316
0.000293
0.000417
0.000306
0.000282
0.000627
0.000288
0.000282
0.000289
0.000657
0.000282
0.000288
0.000590
0.000289
0.000280
0.000292
0.000283
0.000281
0.000283
0.000280
0.000294
0.000282
0.000321
0.000284
0.000281
0.000292
0.000868
0.000289
0.000300
0.000278
0.000375
0.000282
0.000283
0.000289
0.000279
0.000631
0.000284
0.000283
0.000282
0.000282
0.000682
0.000283
0.000879
0.000531
0.000286
0.000283
0.000793
0.000282
0.000284
0.000300
0.000286
0.000284
0.000289
0.000303
0.000279
0.000293
0.000286
0.000319
0.000283
0.000289
0.000288
0.000287
0.000812
0.000288
0.000280
0.000279
0.000284
0.000290
0.000297
0.000290
0.000292
0.000292
0.000282
0.000282
0.000839
0.000284
0.000286
0.000293
0.000667
0.000285
0.000292
0.000359
0.000283
0.000285
0.000295
0.000283
0.000290
0.000282
0.000370
0.000399
0.000632
0.000284
0.000594
0.000832
0.000284
0.000671
0.000679
0.000457
0.000282
0.000301
0.000868
0.000284
0.000302
0.000293
0.000716
0.000291
0.000747
0.000279
0.000631
0.000279
0.000296
0.000627
0.000284
0.000784
0.000283
0.000289
0.000285
0.000281
0.000648
0.000500
0.000483
0.000643
0.000286
0.000282
0.000286
0.000282
0.000282
0.000283
0.000714
0.000285
0.000280
0.000296
0.000284
0.000311
0.000279
0.000276
0.000280
0.000283
0.000281
0.000281
0.000281
0.000280
0.000282
0.000283
0.000281
0.000285
0.000336
0.000278
0.000288
0.000277
0.000285
0.000282
0.000280
0.000283
0.000280
0.000279
0.000304
0.000282
0.000289
0.000306
0.000289
0.000281
0.000285
0.000282
0.000283
0.000282
0.000289
0.000467
0.000288
0.000282
0.000289
0.000288
0.000281
0.000279
0.000283
0.000281
0.000280
0.000280
0.000280
0.000282
0.000283
0.000290
0.000296
0.000283
0.000293
0.000280
0.000281
0.000288
0.000281
0.000282
0.000296
0.000281
0.000280
0.000291
0.000292
0.000280
0.000282
0.000294
0.000287
0.000280
0.000282
0.000280
0.000280
0.000281
0.000281
0.000282
0.000284
0.000278
0.000285
0.000280
0.000285
0.000308
0.000293
0.000289
0.000282
0.000280
0.000288
0.000282
0.000281
0.000288
0.000280
0.000282
0.000281
0.000288
0.000284
0.000291
0.000281
0.000284
0.000287
0.000293
0.000280
0.000279
0.000287
0.000280
0.000281
0.000283
0.000320
0.000291
0.000287
0.000285
0.000279
0.000280
0.000283
0.000285
0.000287
0.000293
0.000282
0.000288
0.000279
0.000281
0.000634
0.000289
0.000283
0.000299
0.000286
0.000282
0.000504
0.000282
0.000278
0.000298
0.000613
0.000285
0.000629
0.000589
0.000281
0.000278
0.000293
0.000280
0.000283
0.000305
0.000274
0.000280
0.000289
0.000292
0.000279
0.000279
0.000303
0.000282
0.000279
0.000280
0.000308
0.000301
0.000290
0.000276
0.000286
0.000296
0.000278
0.000281
0.000283
0.000281
0.000279
0.000279
0.000286
0.000783
0.000279
0.000441
0.000294
0.000281
0.000306
0.000284
0.000280
0.000283
0.000284
0.000280
0.000281
0.000286
0.000297
0.000280
0.000284
0.000632
0.000286
0.000279
0.000280
0.000289
0.000286
0.000625
0.000618
0.000288
0.000278
0.000520
0.000289
0.000281
0.000282
0.000293
0.000281
0.000289
0.000275
0.000283
0.000291
0.000325
0.000285
0.000284
0.000285
0.000288
0.000288
0.000280
0.000292
0.000288
0.000291
0.000310
0.000289
0.000296
0.000288
0.000295
0.000288
0.000285
0.000563
0.000378
0.000282
0.000287
0.000525
0.000290
0.000281
0.000288
0.000287
0.000280
0.000296
0.000816
0.000307
0.000289
0.000279
0.000290
0.000291
0.000279
0.000277
0.000289
0.000286
0.000284
0.000278
0.000561
0.000308
0.000278
0.000283
0.000299
0.000289
0.000283
0.000282
0.000279
0.000290
0.000279
0.000294
0.000283
0.000280
0.000281
0.000281
0.000286
0.000283
0.000765
0.000706
0.000859
0.000282
0.000320
0.000355
0.000320
0.000282
0.000284
0.000282
0.000609
0.000285
0.000283
0.000291
0.000281
0.000285
0.000285
0.000315
0.000628
0.000286
0.000278
0.000283
0.000286
0.000319
0.000624
0.000632
0.000285
0.000294
0.000748
0.000297
0.000636
0.000620
0.000666
0.000302
0.000293
0.000378
0.000780
0.000347
0.000637
0.000281
0.000285
0.000282
0.000280
0.000286
0.000284
0.000288
0.000282
0.000278
0.000280
0.000630
0.000609
0.000650
0.000661
0.000287
0.000278
0.000411
0.000632
0.000294
0.000291
0.000287
0.000284
0.000280
0.000304
0.000789
0.000283
0.000291
0.000279
0.000281
0.000285
0.000295
0.000282
0.000400
0.000282
0.000283
0.000283
0.000284
0.000848
0.000282
0.000309
0.000297
0.000505
0.000284
0.000304
0.000783
0.000285
0.000283
0.000693
0.000358
0.000282
0.000636
0.000563
0.000635
0.000287
0.000290
0.000633
0.000357
0.000279
0.000288
0.000285
0.000636
0.000290
0.000749
0.000296
0.000283
0.000284
0.000296
0.000314
0.000294
0.000292
0.000371
0.000288
0.000284
0.000290
0.000296
0.000281
0.000287
0.000283
0.000291
0.000283
0.000280
0.000284
0.000279
0.000280
0.000296
0.000282
0.000284
0.000299
0.000282
0.000279
0.000280
0.000278
0.000281
0.000294
0.000288
0.000280
0.000281
0.000282
0.000282
0.000298
0.000284
0.000274
0.000307
0.000282
0.000281
0.000278
0.000291
0.000277
0.000289
0.000287
0.000283
0.000284
0.000282
0.000279
0.000289
0.000296
0.000280
0.000288
0.000280
0.000279
0.000279
0.000281
0.000288
0.000277
0.000292
0.000290
0.000279
0.000280
0.000348
0.000280
0.000281
0.000280
0.000286
0.000290
0.000288
0.000285
0.000290
0.000283
0.000280
0.000286
0.000284
0.000282
0.000280
0.000300
0.000286
0.000276
0.000305
0.000280
0.000281
0.000301
0.000283
0.000286
0.000281
0.000284
0.000277
0.000280
0.000283
0.000281
0.000282
0.000281
0.000274
0.000284
0.000284
0.000279
0.000281
0.000296
0.000285
0.000300
0.000282
0.000284
0.000280
0.000286
0.000279
0.000292
0.000280
0.000283
0.000288
0.000280
0.000290
0.000283
0.000276
0.000636
0.000360
0.000282
0.000281
0.000286
0.000287
0.000287
0.000287
0.000302
0.000283
0.000283
0.000282
0.000290
0.000280
0.000281
0.000280
0.000282
0.000278
0.000333
0.000293
0.000279
0.000280
0.000283
0.000281
0.000284
0.000279
0.000284
0.000279
0.000284
0.000283
0.000289
0.000287
0.000283
0.000282
0.000279
0.000280
0.000278
0.000283
0.000286
0.000278
0.000283
0.000279
0.000276
0.000281
0.000343
0.000290
0.000281
0.000288
0.000282
0.000279
0.000584
0.000294
0.000289
0.000281
0.000280
0.000284
0.000280
0.000282
0.000280
0.000279
0.000279
0.000280
0.000280
0.000278
0.000281
0.000293
0.000299
0.000296
0.000282
0.000284
0.000281
0.000273
0.000281
0.000287
0.000281
0.000275
0.000291
0.000282
0.000281
0.000288
0.000282
0.000281
0.000279
0.000280
0.000281
0.000280
0.000282
0.000286
0.000286
0.000288
0.000288
0.000279
0.000297
0.000284
0.000280
0.000279
0.000281
0.000293
0.000292
0.000296
0.000281
0.000281
0.000282
0.000286
0.000285
0.000279
0.000280
0.000284
0.000291
0.000290
0.000291
0.000301
0.000295
0.000283
0.000298
0.000280
0.000282
0.000281
0.000280
0.000280
0.000303
0.000285
0.000284
0.000287
0.000297
0.000279
0.000280
0.000292
0.000279
0.000816
0.000281
0.000290
0.000288
0.000308
0.000853
0.000281
0.000283
0.000280
0.000280
0.000287
0.000288
0.000281
0.000280
0.000308
0.000280
0.000286
0.000536
0.000286
0.000279
0.000280
0.000281
0.000279
0.000288
0.000284
0.000279
0.000280
0.000281
0.000282
0.000292
0.000422
0.000620
0.000285
0.000288
0.000282
0.000282
0.000281
0.000308
0.000283
0.000285
0.000283
0.000646
0.000300
0.000644
0.000279
0.000282
0.000669
0.000286
0.000283
0.000283
0.000416
0.000675
0.000650
0.000283
0.000278
0.000282
0.000530
0.000291
0.000279
0.000524
0.000289
0.000285
0.000317
0.000394
0.000284
0.000649
0.000295
0.000630
0.000304
0.000625
0.000286
0.000282
0.000279
0.000285
0.000316
0.000349
0.000637
0.000288
0.000282
0.000627
0.000346
0.000285
0.000629
0.000791
0.000283
0.000281
0.000284
0.000808
0.000294
0.000290
0.000288
0.000538
0.000805
0.000282
0.000280
0.000282
0.000629
0.000282
0.000559
0.000652
0.000291
0.000628
0.000283
0.000289
0.000289
0.000281
0.000814
0.000279
0.000318
0.000628
0.000282
0.000280
0.000295
0.000283
0.000628
0.000588
0.000293
0.000291
0.000291
0.000283
0.000286
0.000301
0.000674
0.000322
0.000294
0.000307
0.000284
0.000287
0.000283
0.000280
0.000283
0.000285
0.000318
0.000291
0.000777
0.000282
0.000285
0.000648
0.000281
0.000479
0.000873
0.000283
0.000282
0.000283
0.000294
0.000644
0.000284
0.000283
0.000289
0.000797
0.000643
0.000298
0.000286
0.000283
0.000286
0.000279
0.000293
0.000552
0.000292
0.000280
0.000280
0.000279
0.000302
0.000290
0.000277
0.000282
0.000282
0.000287
0.000289
0.000284
0.000279
0.000591
0.000281
0.000280
0.000285
0.000280
0.000281
0.000288
0.000284
0.000281
0.000284
0.000281
0.000280
0.000313
0.000284
0.000278
0.000286
0.000292
0.000283
0.000289
0.000279
0.000288
0.000287
0.000311
0.000282
0.000279
0.000280
0.000285
0.000280
0.000286
0.000290
0.000288
0.000303
0.000289
0.000280
0.000283
0.000280
0.000280
0.000281
0.000280
0.000280
0.000310
0.000281
0.000290
0.000281
0.000287
0.000291
0.000280
0.000287
0.000281
0.000281
0.000292
0.000281
0.000310
0.000280
0.000281
0.000476
0.000629
0.000335
0.000282
0.000281
0.000279
0.000286
0.000281
0.000283
0.000284
0.000288
0.000279
0.000279
0.000284
0.000288
0.000280
0.000287
0.000284
0.000298
0.000278
0.000294
0.000312
0.000289
0.000280
0.000289
0.000283
0.000283
0.000280
0.000281
0.000282
0.000282
0.000279
