0.000532
0.000552
0.000528
0.000519
0.001309
0.000526
0.000527
0.000530
0.000525
0.000563
0.000539
0.000527
0.000521
0.000542
0.001176
0.000604
0.000525
0.000623
0.000524
0.000540
0.000526
0.000526
0.000524
0.000526
0.001256
0.000555
0.000526
0.000525
0.000530
0.000523
0.000554
0.000521
0.000529
0.000823
0.000526
0.000525
0.000530
0.000543
0.000536
0.000550
0.000960
0.000556
0.000524
0.000531
0.000527
0.000534
0.000526
0.000527
0.000545
0.000526
0.000525
0.000712
0.001225
0.000529
0.000537
0.001205
0.000520
0.000529
0.000548
0.000532
0.000535
0.000530
0.001551
0.000522
0.000527
0.000524
0.000523
0.000538
0.001107
0.000528
0.000557
0.000538
0.000528
0.000529
0.000578
0.000525
0.000532
0.000530
0.000543
0.000529
0.000528
0.000533
0.000529
0.000539
0.000517
0.000557
0.000532
0.000545
0.000552
0.000536
0.000521
0.000525
0.000523
0.000862
0.000619
0.001260
0.000541
0.000522
0.000534
0.000531
0.000523
0.000904
0.000522
0.000523
0.000548
0.000521
0.000526
0.000553
0.000543
0.000526
0.000528
0.000701
0.000530
0.000551
0.000524
0.000537
0.000526
0.000545
0.000528
0.000568
0.000528
0.000535
0.000538
0.000527
0.000531
0.000529
0.000526
0.000525
0.000548
0.000520
0.000525
0.000552
0.000535
0.000541
0.001209
0.001563
0.000526
0.000749
0.000965
0.000529
0.000533
0.000527
0.000551
0.000546
0.000524
0.000885
0.001184
0.000539
0.000531
0.001113
0.000528
0.000527
0.000915
0.001351
0.000620
0.000533
0.000543
0.000824
0.000759
0.000966
0.000535
0.000530
0.000628
0.000528
0.000715
0.001056
0.000609
0.001265
0.000566
0.000526
0.000536
0.000532
0.000533
0.000910
0.000666
0.001453
0.000574
0.000528
0.000565
0.001254
0.000527
0.000533
0.000849
0.000529
0.000543
0.000528
0.000971
0.000536
0.001118
0.000533
0.000531
0.000536
0.000530
0.000533
0.000544
0.000981
0.001230
0.000536
0.000888
0.000526
0.000848
0.000635
0.001414
0.000530
0.000534
0.000806
0.000912
0.000566
0.001026
0.000730
0.001263
0.000929
0.000544
0.000530
0.000560
0.000531
0.001231
0.000532
0.000908
0.000679
0.000557
0.000557
0.000686
0.000560
0.000930
0.000527
0.000818
0.000642
0.000994
0.000612
0.000882
0.000527
0.000524
0.000524
0.000528
0.000528
0.000535
0.000574
0.000531
0.000684
0.000536
0.000529
0.000552
0.000541
0.000521
0.000530
0.000522
0.000597
0.000522
0.000842
0.000536
0.000530
0.000526
0.000527
0.000532
0.000537
0.000525
0.000540
0.000671
0.000545
0.000954
0.000529
0.000558
0.000995
0.000595
0.000528
0.001018
0.000539
0.001079
0.000525
0.000545
0.000904
0.000761
0.000539
0.000848
0.000810
0.000523
0.000540
0.000524
0.000549
0.000553
0.000920
0.000604
0.000534
0.000546
0.000521
0.000544
0.000522
0.000519
0.000548
0.000522
0.000526
0.000539
0.001170
0.000535
0.000544
0.000522
0.000530
0.000535
0.000527
0.000538
0.000523
0.000543
0.000796
0.000651
0.001193
0.000543
0.000692
0.001292
0.001072
0.001673
0.000848
0.000705
0.000561
0.000800
0.000531
0.000936
0.000537
0.000530
0.001079
0.000544
0.000575
0.000802
0.000616
0.001429
0.000919
0.000536
0.000679
0.000957
0.000608
0.001127
0.000956
0.000529
0.000524
0.001062
0.000522
0.000539
0.000695
0.001432
0.000545
0.000525
0.000537
0.000909
0.000542
0.000603
0.000732
0.000535
0.000556
0.000543
0.001323
0.000759
0.001092
0.000664
0.001358
0.000543
0.000556
0.001033
0.000530
0.000864
0.000586
0.000883
0.000877
0.001297
0.000526
0.000556
0.000876
0.000548
0.000523
0.000552
0.001147
0.000530
0.000839
0.000545
0.000924
0.000837
0.000582
0.000523
0.000528
0.000755
0.001554
0.000526
0.000546
0.000880
0.000587
0.000722
0.001204
0.000539
0.000871
0.000698
0.001373
0.000566
0.001085
0.000547
0.000837
0.000570
0.000964
0.000532
0.000832
0.000537
0.000751
0.000525
0.000549
0.000543
0.000874
0.000663
0.000533
0.000521
0.000528
0.000982
0.000686
0.000554
0.000526
0.000518
0.000532
0.000884
0.000647
0.000938
0.000757
0.000524
0.000828
0.000869
0.001389
0.000541
0.000880
0.000559
0.000887
0.000530
0.000891
0.000526
0.000523
0.000540
0.000899
0.000675
0.000530
0.001121
0.000988
0.000603
0.000524
0.000547
0.000807
0.000667
0.000523
0.000534
0.000537
0.000529
0.000630
0.000552
0.000529
0.000846
0.000532
0.000698
0.000913
0.000539
0.000948
0.001486
0.000640
0.000806
0.000798
0.000526
0.000523
0.001176
0.001382
0.000665
0.000559
0.000816
0.000547
0.001080
0.001605
0.000540
0.000584
0.000970
0.000668
0.001168
0.000526
0.000549
0.001319
0.000526
0.000850
0.001207
0.001172
0.000964
0.000556
0.000517
0.000835
0.000526
0.000536
0.000534
0.000741
0.001081
0.000533
0.000726
0.001111
0.000790
0.000981
0.000532
0.001357
0.001314
0.000560
0.000668
0.000902
0.000586
0.000875
0.000524
0.000537
0.001065
0.000635
0.000535
0.000535
0.000679
0.001303
0.000551
0.000543
0.001184
0.000558
0.000636
0.001063
0.000537
0.000900
0.001385
0.000522
0.000763
0.001163
0.000551
0.000850
0.001114
0.000527
0.000526
0.001195
0.001475
0.000579
0.000600
0.000657
0.001089
0.000528
0.000932
0.000540
0.000530
0.000529
0.001160
0.000525
0.000570
0.000546
0.001368
0.000758
0.001410
0.000543
0.000530
0.000893
0.000645
0.000575
0.001039
0.000531
0.000541
0.000528
0.000553
0.001084
0.000538
0.000523
0.000576
0.000998
0.000619
0.000868
0.000991
0.000638
0.000727
0.000920
0.000711
0.000540
0.000538
0.001003
0.000523
0.000910
0.000634
0.000527
0.000567
0.000541
0.000899
0.000535
0.000819
0.000536
0.000885
0.000863
0.000528
0.001057
0.000528
0.000529
0.000564
0.001206
0.000730
0.001416
0.000553
0.000529
0.000560
0.000527
0.000531
0.000527
0.000523
0.000599
0.000704
0.000571
0.000527
0.000526
0.000527
0.000578
0.000522
0.000526
0.000521
0.000547
0.000931
0.000598
0.000589
0.000532
0.000518
0.000524
0.000577
0.000540
0.000526
0.000533
0.000825
0.001161
0.000547
0.000526
0.000524
0.000858
0.000571
0.000528
0.000559
0.000543
0.000526
0.000595
0.000538
0.000551
0.000556
0.000884
0.000634
0.001356
0.000548
0.000823
0.000564
0.001039
0.000570
0.000803
0.000554
0.001162
0.000542
0.000830
0.000532
0.000531
0.000530
0.000768
0.001163
0.000658
0.000543
0.000534
0.000528
0.000544
0.000531
0.000540
0.000528
0.000542
0.001033
0.000556
0.000537
0.000530
0.000542
0.000524
0.000527
0.000542
0.000526
0.000679
0.000564
0.000527
0.000652
0.001056
0.000530
0.000539
0.000522
0.000533
0.000792
0.000530
0.000530
0.000543
0.000764
0.000989
0.000562
0.000526
0.000544
0.000547
0.000542
0.000544
0.000521
0.000517
0.000530
0.000530
0.000890
0.000540
0.000674
0.000726
0.000551
0.000537
0.000529
0.000932
0.000526
0.000555
0.000525
0.000546
0.000530
0.000543
0.000526
0.000977
0.000528
0.000528
0.000560
0.000558
0.001072
0.000716
0.000581
0.000553
0.000727
0.000853
0.000509
0.000525
0.000532
0.000551
0.001016
0.000568
0.000536
0.000537
0.001077
0.000546
0.000905
0.000572
0.000811
0.000531
0.000531
0.000673
0.001217
0.000528
0.000541
0.000524
0.000531
0.001185
0.001035
0.000527
0.000584
0.000676
0.000604
0.000607
0.000917
0.000539
0.000559
0.000522
0.000529
0.000523
0.000603
0.001018
0.000529
0.000526
0.000530
0.000527
0.000565
0.000529
0.000934
0.000538
0.000528
0.000546
0.000525
0.000522
0.000928
0.000592
0.000526
0.000837
0.001093
0.000598
0.000744
0.000560
0.000525
0.000521
0.000529
0.000952
0.000652
0.000538
0.000601
0.001043
0.000607
0.001051
0.001220
0.000580
0.000529
0.000537
0.000779
0.001618
0.001033
0.000674
0.001553
0.000529
0.000545
0.000554
0.000530
0.000525
0.000761
0.000534
0.000864
0.001561
0.000535
0.000528
0.000920
0.000651
0.000524
0.000529
0.001033
0.000719
0.000522
0.000900
0.000954
0.000616
0.001133
0.000530
0.000525
0.000887
0.001162
0.000652
0.000545
0.000900
0.000527
0.000553
0.001030
0.000537
0.000532
0.000576
0.000550
0.001104
0.000576
0.000533
0.000542
0.001141
0.000600
0.000543
0.000538
0.000566
0.000546
0.000711
0.000552
0.000750
0.000523
0.000791
0.000899
0.000613
0.001184
0.000541
0.000695
0.001199
0.000526
0.000545
0.000523
0.001049
0.000965
0.001269
0.000529
0.000908
0.000675
0.000544
0.000919
0.000528
0.001283
0.000557
0.000535
0.000544
0.001155
0.000628
0.001333
0.000533
0.000552
0.000627
0.001317
0.000557
0.000528
0.000551
0.000524
0.000526
0.000559
0.000553
0.000549
0.000541
0.000528
0.000527
0.000532
0.000534
0.000526
0.000528
0.000635
0.000937
0.000588
0.000532
0.000544
0.000527
0.000536
0.000524
0.000549
0.000895
0.000534
0.000983
0.000525
0.000556
0.000530
0.000530
0.000527
0.000538
0.000821
0.000549
0.000775
0.000590
0.001592
0.000551
0.001011
0.000529
0.000525
0.000529
0.000526
0.001157
0.000651
0.001147
0.000525
0.000545
0.000563
0.001188
0.000975
0.000548
0.000565
0.000563
0.000545
0.000524
0.000536
0.000553
0.000523
0.000551
0.000526
0.000640
0.001236
0.000906
0.001323
0.000527
0.000543
0.000528
0.000813
0.001064
0.000547
0.000526
0.000543
0.000537
0.000776
0.000529
0.000532
0.000528
0.001177
0.001324
0.001070
0.000614
0.000933
0.000710
0.000984
0.001002
0.000529
0.000528
0.000537
0.000610
0.001132
0.000530
0.000525
0.000962
0.000530
0.000551
0.000559
0.000524
0.000526
0.000529
0.000526
0.001038
0.000530
0.000963
0.000694
0.000550
0.000532
0.000540
0.000531
0.001216
0.000956
0.000529
0.001066
0.000535
0.000529
0.000560
0.000541
0.001287
0.000546
0.000546
0.000544
0.000611
0.001003
0.001344
0.000971
0.000539
0.000548
0.001083
0.000531
0.000543
0.000536
0.001373
0.000527
0.000536
0.000536
0.000530
0.000528
0.000555
0.001220
0.000526
0.000526
0.000543
0.000526
0.000526
0.000531
0.000536
0.000528
0.000525
0.000523
0.000560
0.000526
0.000524
0.000532
0.000716
0.000907
0.000543
0.000525
0.000530
0.000580
0.000526
0.000541
0.000523
0.000536
0.000536
0.000525
0.001733
0.000542
0.000544
0.000536
0.000539
0.000524
0.000540
0.000547
0.000542
0.001226
0.000527
0.000527
0.000542
0.000535
0.000522
0.000525
0.000549
0.000527
0.000532
0.000525
0.000528
0.000523
0.000557
0.000528
0.000535
0.000559
0.000541
0.000528
0.000542
0.000523
0.000534
0.000525
0.000529
0.000518
0.000524
0.000528
0.000527
0.000526
0.000549
0.000538
0.000529
0.000527
0.000538
0.000525
0.000524
0.000533
0.000524
0.000521
0.000524
0.000524
0.000526
0.000552
0.000543
0.000526
0.000600
0.000525
0.000525
0.000539
0.000535
0.000529
0.000538
0.000522
0.000530
0.000522
0.000527
0.000523
0.000541
0.000529
0.000536
0.000524
0.000542
0.001068
0.001138
0.000535
0.000547
0.000525
0.000551
0.000525
0.001205
0.001142
0.000602
0.000537
0.000540
0.000525
0.000554
0.000543
0.000528
0.000527
0.000585
0.000547
0.000547
0.000603
0.000531
0.000538
0.000525
0.000559
0.000527
0.000523
0.000535
0.000532
0.000546
0.000540
0.000526
0.000532
0.000525
0.000526
0.000525
0.000524
0.000545
0.000524
0.000525
0.000542
0.000544
0.000572
0.000531
0.000521
0.000527
0.000553
0.000539
0.000535
0.000517
0.000537
0.000531
0.000527
0.000528
0.000533
0.000554
0.000529
0.000562
0.000546
0.000553
0.000518
0.000523
0.000532
0.000527
0.000526
0.000525
0.001180
0.000549
0.000525
0.000654
0.000537
0.000537
0.000528
0.000536
0.000522
0.000524
0.000547
0.000525
0.000521
0.000790
0.000540
0.000988
0.000546
0.000525
0.000529
0.000542
0.000534
0.000579
0.000917
0.001106
0.000524
0.000541
0.000543
0.000523
0.000520
0.000526
0.000537
0.000538
0.000526
0.000545
0.000527
0.000529
0.000527
0.001275
0.000534
0.000525
0.000525
0.001053
0.000558
0.000521
0.001076
0.000947
0.000806
0.000539
0.000576
0.000538
0.000537
0.000565
0.000525
0.000528
0.000525
0.000527
0.000538
0.000531
0.000545
0.000525
0.001351
0.000538
0.000913
0.001142
0.000569
0.000523
0.000538
0.000527
0.000517
0.000528
0.000527
0.000526
0.000524
0.000521
0.000551
0.000554
0.000527
0.000554
0.000541
0.000526
0.000525
0.000535
0.000536
0.000540
0.000524
0.000541
0.000532
0.000525
0.000526
0.000531
0.000544
0.000545
0.000545
0.000523
0.000543
0.001511
0.000672
0.001147
0.000537
0.000562
0.000525
0.000523
0.000567
0.000535
0.000544
0.000529
0.000542
0.000524
0.000551
0.000527
0.000524
0.000552
0.000553
0.000536
0.000525
0.000562
0.000527
0.000544
0.000543
0.000520
0.001183
0.000995
0.000566
0.000952
0.000675
0.000865
0.000589
0.001192
0.000526
0.000545
0.001226
0.000559
0.000562
0.000571
0.001302
0.000949
0.000790
0.000536
0.000869
0.000674
0.000528
0.000529
0.001006
0.000532
0.000551
0.001078
0.000659
0.000533
0.000533
0.000528
0.000552
0.000524
0.000531
0.000543
0.000540
0.000527
0.000529
0.000529
0.000915
0.000537
0.000770
0.000526
0.000542
0.000556
0.000959
0.000521
0.000548
0.000529
0.000831
0.000901
0.001183
0.000538
0.001003
0.000543
0.000540
0.000530
0.001036
0.000550
0.000537
0.000532
0.000529
0.001354
0.000527
0.000989
0.001227
0.000524
0.000545
0.000533
0.000902
0.001357
0.000528
0.000527
0.000873
0.000534
0.000935
0.000536
0.000551
0.000551
0.000629
0.001230
0.000546
0.000576
0.001119
0.000518
0.000531
0.000886
0.000776
0.001553
0.000527
0.000933
0.000568
0.000624
0.000837
0.000547
0.000528
0.000735
0.001567
0.000520
0.001179
0.000738
0.000633
0.000696
0.001232
0.000649
0.000713
0.000539
0.000535
0.000564
0.000572
0.000883
0.000643
0.001200
0.000645
0.000643
0.001173
0.000760
0.000571
0.001271
0.000532
0.000537
0.000707
0.000544
0.000755
0.000564
0.000525
0.000530
0.000623
0.000542
0.000739
0.000530
0.001323
0.000548
0.000528
0.000636
0.000524
0.000683
0.000987
0.001018
0.000555
0.000544
0.000529
0.000549
0.000530
0.000523
0.000941
0.000590
0.000870
0.000881
0.000622
0.000754
0.000661
0.000737
0.000557
0.000538
0.000561
0.001190
0.001229
0.000809
0.000827
0.000940
0.000541
0.000521
0.000534
0.000881
0.000585
0.000551
0.000905
0.000543
0.000522
0.000539
0.000532
0.000541
0.000530
0.000611
0.000530
0.000520
0.000529
0.000971
0.000530
0.000841
0.000529
0.000525
0.000526
0.000544
0.000525
0.000801
0.000553
0.000532
0.000748
0.000526
0.000989
0.000632
0.000872
0.000528
0.000810
0.000549
0.001098
0.000531
0.000959
0.000551
0.000538
0.000525
0.000986
0.001058
0.000527
0.000534
0.000614
0.000778
0.000546
0.000547
0.001026
0.000627
0.000544
0.000553
0.000531
0.001108
0.001097
0.000530
0.000541
0.001197
0.000806
0.000539
0.000527
0.000568
0.000529
0.000538
0.000525
0.000555
0.000532
0.000539
0.000552
0.001235
0.001169
0.000547
0.000546
0.000536
0.000684
0.000539
0.001188
0.000983
0.000532
0.000521
0.000539
0.000531
0.001060
0.001575
0.000670
0.000539
0.000897
0.000552
0.000523
0.000791
0.000603
0.000529
0.000978
0.000707
0.001188
0.000541
0.001178
0.000548
0.000556
0.000549
0.000542
0.000529
0.000549
0.000531
0.000578
0.000537
0.000718
0.000786
0.001053
0.000659
0.001377
0.000557
0.000622
0.000944
0.000548
0.000600
0.000868
0.001179
0.000558
0.001266
0.000934
0.001100
0.000546
0.000860
0.000523
0.000890
0.001360
0.001177
0.000775
0.000522
0.000695
0.000545
0.000531
0.000525
0.000647
0.000830
0.001180
0.000538
0.000538
0.001247
0.001150
0.000898
0.000904
0.001106
0.001225
0.000551
0.000590
0.001170
0.000545
0.000973
0.001027
0.000539
0.000811
0.000529
0.000527
0.000606
0.000825
0.000554
0.001029
0.000556
0.000973
0.001242
0.000525
0.000919
0.001374
0.000531
0.000530
0.001100
0.000767
0.000528
0.000547
0.000944
0.001126
0.000563
0.000828
0.000614
0.000531
0.001373
0.000543
0.000728
0.000787
0.000819
0.000552
0.000527
0.001612
0.001065
0.001076
0.000532
0.000541
0.000574
0.001288
0.000536
0.000528
0.000933
0.001162
0.000915
0.000526
0.000527
0.000540
0.000791
0.000542
0.000560
0.000659
0.000548
0.000536
0.000530
0.000650
0.000542
0.000526
0.000524
0.000546
0.000982
0.000611
0.000526
0.000790
0.001180
0.001476
0.000524
0.000937
0.000544
0.000528
0.000535
0.000526
0.000555
0.000533
0.000547
0.001069
0.000535
0.000897
0.000564
0.000537
0.000549
0.000888
0.000898
0.000529
0.000667
0.001072
0.000528
0.000530
0.001215
0.000703
0.001313
0.000530
0.000534
0.000581
0.000796
0.000531
0.000541
0.000766
0.000527
0.000767
0.001133
0.000837
0.000564
0.000667
0.000527
0.000764
0.000538
0.000529
0.000797
0.000533
0.000559
0.000819
0.001085
0.001472
0.000539
0.000790
0.000602
0.000524
0.000556
0.000956
0.000590
0.000948
0.000655
0.001012
0.001509
0.000531
0.000756
0.001037
0.001118
0.000561
0.000531
0.001083
0.000530
0.000531
0.000523
0.000949
0.000695
0.000529
0.000531
0.000531
0.000529
0.000530
0.000530
0.000529
0.000664
0.000523
0.000951
0.000709
0.001002
0.000559
0.000560
0.000535
0.000749
0.001145
0.000755
0.000594
0.000922
0.000590
0.000552
0.000800
0.000528
0.000984
0.001303
0.000558
0.000526
0.000562
0.001058
0.000527
0.000546
0.000921
0.000538
0.000541
0.000978
0.000552
0.000530
0.000547
0.000548
0.000744
0.000525
0.000906
0.000643
0.000555
0.000543
0.000527
0.000533
0.000831
0.000531
0.000530
0.000770
0.000709
0.000960
0.000639
0.001419
0.000522
0.000845
0.000541
0.000528
0.000828
0.000556
0.000531
0.001024
0.000611
0.000542
0.000561
0.000616
0.000544
0.000532
0.000530
0.000521
0.000764
0.000626
0.000541
0.000527
0.000524
0.000544
0.000533
0.000529
0.001007
0.000537
0.000528
0.000892
0.000680
0.001423
0.000549
0.000545
0.000533
0.000542
0.000533
0.001262
0.001048
0.000545
0.000543
0.000536
0.001085
0.000522
0.000548
0.000572
0.000544
0.000569
0.000883
0.000903
0.000607
0.001378
0.000709
0.001041
0.000558
0.000524
0.000521
0.000537
0.000525
0.000546
0.000555
0.000901
0.000523
0.000534
0.000971
0.000704
0.000539
0.001049
0.000542
0.000782
0.000526
0.000540
0.000528
0.000543
0.000908
0.001277
0.000530
0.000765
0.001546
0.000521
0.000522
0.000516
0.000540
0.000547
0.000749
0.001039
0.000526
0.000528
0.000524
0.000529
0.000528
0.000529
0.000545
0.000726
0.000888
0.000529
0.000532
0.000521
0.000549
0.000537
0.000534
0.000526
0.000542
0.000554
0.000565
0.000526
0.000803
0.000535
0.000526
0.000526
0.000579
0.000527
0.001131
0.000545
0.000545
0.000540
0.000551
0.000699
0.000972
0.000534
0.000540
0.000522
0.000567
0.000947
0.000530
0.000526
0.000524
0.000538
0.000590
0.001094
0.000549
0.000533
0.001060
0.000538
0.000530
0.000537
0.000528
0.000543
0.000770
0.000826
0.001110
0.000546
0.000526
0.000525
0.000533
0.000571
0.000546
0.000524
0.001022
0.000783
0.000540
0.000822
0.000531
0.000547
0.001188
0.001187
0.001211
0.000677
0.001187
0.000558
0.000529
0.000525
0.000529
0.000567
0.000580
0.000531
0.000537
0.000536
0.000526
0.000963
0.000775
0.000551
0.000857
0.000532
0.000537
0.000550
0.000524
0.000526
0.000526
0.000578
0.000543
0.000537
0.000524
0.000527
0.000560
0.000612
0.000526
0.000541
0.000521
0.000566
0.000541
0.001109
0.001006
0.001536
0.000541
0.000535
0.000533
0.000554
