0.000071
0.000069
0.000068
0.000149
0.000077
0.000143
0.000072
0.000080
0.000066
0.000067
0.000068
0.000194
0.000068
0.000067
0.000191
0.000193
0.000068
0.000069
0.000071
0.000067
0.000079
0.000071
0.000070
0.000175
0.000067
0.000066
0.000095
0.000149
0.000068
0.000152
0.000191
0.000069
0.000068
0.000190
0.000067
0.000073
0.000067
0.000068
0.000066
0.000072
0.000070
0.000069
0.000071
0.000142
0.000066
0.000066
0.000068
0.000067
0.000070
0.000149
0.000067
0.000069
0.000071
0.000068
0.000067
0.000066
0.000066
0.000153
0.000070
0.000079
0.000067
0.000161
0.000067
0.000068
0.000067
0.000072
0.000150
0.000100
0.000133
0.000068
0.000068
0.000152
0.000068
0.000070
0.000193
0.000177
0.000072
0.000068
0.000148
0.000192
0.000067
0.000068
0.000065
0.000068
0.000149
0.000067
0.000069
0.000146
0.000072
0.000151
0.000081
0.000152
0.000152
0.000067
0.000195
0.000240
0.000074
0.000152
0.000215
0.000068
0.000066
0.000151
0.000069
0.000067
0.000149
0.000071
0.000080
0.000111
0.000068
0.000071
0.000183
0.000149
0.000070
0.000066
0.000068
0.000260
0.000149
0.000196
0.000141
0.000148
0.000072
0.000146
0.000066
0.000150
0.000070
0.000066
0.000149
0.000151
0.000082
0.000070
0.000148
0.000190
0.000068
0.000066
0.000066
0.000069
0.000149
0.000150
0.000088
0.000183
0.000157
0.000094
0.000149
0.000195
0.000072
0.000068
0.000069
0.000152
0.000068
0.000082
0.000150
0.000069
0.000152
0.000067
0.000073
0.000070
0.000067
0.000067
0.000068
0.000067
0.000150
0.000068
0.000074
0.000065
0.000068
0.000067
0.000067
0.000070
0.000157
0.000068
0.000071
0.000066
0.000067
0.000086
0.000155
0.000071
0.000156
0.000070
0.000070
0.000067
0.000067
0.000068
0.000150
0.000070
0.000151
0.000177
0.000071
0.000068
0.000067
0.000067
0.000068
0.000067
0.000067
0.000067
0.000069
0.000079
0.000066
0.000067
0.000084
0.000162
0.000073
0.000068
0.000067
0.000066
0.000090
0.000069
0.000067
0.000066
0.000067
0.000067
0.000067
0.000069
0.000104
0.000067
0.000085
0.000076
0.000068
0.000149
0.000093
0.000066
0.000067
0.000067
0.000066
0.000067
0.000066
0.000067
0.000067
0.000067
0.000068
0.000067
0.000072
0.000075
0.000068
0.000066
0.000068
0.000150
0.000150
0.000068
0.000071
0.000150
0.000067
0.000068
0.000140
0.000071
0.000069
0.000071
0.000067
0.000066
0.000068
0.000068
0.000149
0.000067
0.000072
0.000071
0.000071
0.000066
0.000147
0.000068
0.000071
0.000143
0.000086
0.000068
0.000067
0.000067
0.000083
0.000069
0.000149
0.000068
0.000068
0.000152
0.000084
0.000068
0.000069
0.000067
0.000066
0.000078
0.000066
0.000068
0.000067
0.000065
0.000067
0.000067
0.000067
0.000066
0.000072
0.000151
0.000070
0.000071
0.000066
0.000068
0.000066
0.000068
0.000149
0.000194
0.000067
0.000067
0.000084
0.000069
0.000146
0.000068
0.000067
0.000119
0.000134
0.000071
0.000067
0.000067
0.000067
0.000068
0.000069
0.000069
0.000068
0.000070
0.000246
0.000067
0.000071
0.000065
0.000068
0.000071
0.000148
0.000142
0.000076
0.000067
0.000067
0.000069
0.000068
0.000071
0.000073
0.000067
0.000073
0.000067
0.000066
0.000079
0.000069
0.000067
0.000147
0.000067
0.000072
0.000067
0.000067
0.000080
0.000070
0.000074
0.000067
0.000067
0.000070
0.000066
0.000066
0.000079
0.000066
0.000067
0.000066
0.000084
0.000150
0.000067
0.000067
0.000149
0.000067
0.000068
0.000074
0.000068
0.000068
0.000065
0.000067
0.000067
0.000144
0.000150
0.000080
0.000070
0.000189
0.000068
0.000151
0.000151
0.000149
0.000068
0.000068
0.000192
0.000069
0.000194
0.000190
0.000067
0.000067
0.000068
0.000193
0.000084
0.000068
0.000068
0.000066
0.000122
0.000151
0.000067
0.000071
0.000067
0.000068
0.000098
0.000068
0.000072
0.000067
0.000066
0.000068
0.000066
0.000067
0.000154
0.000066
0.000071
0.000068
0.000066
0.000067
0.000069
0.000066
0.000148
0.000112
0.000084
0.000067
0.000067
0.000147
0.000068
0.000072
0.000068
0.000070
0.000067
0.000079
0.000066
0.000067
0.000069
0.000066
0.000067
0.000156
0.000077
0.000073
0.000069
0.000067
0.000067
0.000066
0.000148
0.000068
0.000155
0.000146
0.000068
0.000067
0.000117
0.000067
0.000073
0.000066
0.000066
0.000068
0.000153
0.000110
0.000066
0.000067
0.000067
0.000071
0.000067
0.000070
0.000085
0.000067
0.000150
0.000136
0.000072
0.000067
0.000067
0.000068
0.000066
0.000067
0.000066
0.000068
0.000150
0.000068
0.000070
0.000149
0.000068
0.000193
0.000192
0.000152
0.000067
0.000071
0.000067
0.000067
0.000067
0.000150
0.000070
0.000191
0.000093
0.000215
0.000149
0.000080
0.000067
0.000149
0.000067
0.000066
0.000068
0.000067
0.000198
0.000068
0.000070
0.000192
0.000152
0.000069
0.000152
0.000069
0.000067
0.000070
0.000115
0.000150
0.000070
0.000070
0.000068
0.000068
0.000067
0.000066
0.000149
0.000070
0.000069
0.000152
0.000068
0.000079
0.000072
0.000066
0.000088
0.000067
0.000067
0.000068
0.000096
0.000067
0.000066
0.000146
0.000067
0.000068
0.000152
0.000154
0.000068
0.000089
0.000070
0.000153
0.000067
0.000195
0.000192
0.000068
0.000070
0.000149
0.000073
0.000070
0.000090
0.000149
0.000068
0.000074
0.000070
0.000071
0.000066
0.000149
0.000196
0.000069
0.000067
0.000071
0.000067
0.000068
0.000194
0.000152
0.000068
0.000067
0.000079
0.000071
0.000150
0.000199
0.000193
0.000073
0.000070
0.000067
0.000070
0.000067
0.000068
0.000065
0.000067
0.000085
0.000079
0.000153
0.000080
0.000067
0.000066
0.000143
0.000151
0.000067
0.000093
0.000151
0.000068
0.000188
0.000192
0.000067
0.000067
0.000149
0.000072
0.000071
0.000070
0.000067
0.000067
0.000067
0.000067
0.000079
0.000068
0.000150
0.000067
0.000069
0.000106
0.000199
0.000193
0.000068
0.000067
0.000151
0.000069
0.000068
0.000196
0.000190
0.000069
0.000080
0.000073
0.000068
0.000083
0.000068
0.000068
0.000194
0.000070
0.000191
0.000188
0.000067
0.000178
0.000111
0.000104
0.000068
0.000068
0.000070
0.000068
0.000066
0.000068
0.000154
0.000153
0.000068
0.000084
0.000070
0.000068
0.000069
0.000068
0.000065
0.000067
0.000067
0.000067
0.000067
0.000066
0.000149
0.000068
0.000069
0.000155
0.000071
0.000068
0.000068
0.000192
0.000068
0.000067
0.000182
0.000067
0.000146
0.000069
0.000235
0.000068
0.000149
0.000149
0.000166
0.000227
0.000069
0.000065
0.000068
0.000068
0.000070
0.000165
0.000202
0.000069
0.000080
0.000067
0.000067
0.000071
0.000068
0.000068
0.000068
0.000080
0.000149
0.000088
0.000150
0.000071
0.000066
0.000067
0.000067
0.000067
0.000067
0.000068
0.000164
0.000072
0.000067
0.000068
0.000083
0.000150
0.000071
0.000185
0.000068
0.000066
0.000067
0.000069
0.000067
0.000067
0.000068
0.000066
0.000157
0.000196
0.000070
0.000073
0.000069
0.000068
0.000066
0.000146
0.000192
0.000192
0.000192
0.000080
0.000068
0.000150
0.000081
0.000069
0.000067
0.000087
0.000068
0.000067
0.000066
0.000085
0.000068
0.000068
0.000066
0.000093
0.000070
0.000152
0.000072
0.000069
0.000148
0.000073
0.000067
0.000069
0.000068
0.000066
0.000066
0.000065
0.000088
0.000068
0.000070
0.000151
0.000195
0.000146
0.000069
0.000069
0.000157
0.000072
0.000067
0.000068
0.000066
0.000087
0.000069
0.000069
0.000067
0.000073
0.000113
0.000191
0.000193
0.000068
0.000072
0.000065
0.000066
0.000070
0.000149
0.000066
0.000073
0.000068
0.000068
0.000068
0.000067
0.000148
0.000192
0.000068
0.000066
0.000067
0.000084
0.000067
0.000067
0.000068
0.000067
0.000067
0.000066
0.000066
0.000067
0.000068
0.000068
0.000188
0.000068
0.000068
0.000068
0.000177
0.000071
0.000068
0.000067
0.000068
0.000067
0.000067
0.000067
0.000067
0.000069
0.000066
0.000067
0.000066
0.000067
0.000155
0.000152
0.000148
0.000067
0.000068
0.000149
0.000120
0.000071
0.000067
0.000066
0.000068
0.000067
0.000067
0.000068
0.000194
0.000071
0.000068
0.000067
0.000070
0.000073
0.000171
0.000149
0.000070
0.000069
0.000066
0.000150
0.000068
0.000072
0.000067
0.000065
0.000067
0.000065
0.000067
0.000068
0.000064
0.000067
0.000094
0.000151
0.000069
0.000152
0.000196
0.000068
0.000067
0.000067
0.000150
0.000159
0.000153
0.000080
0.000149
0.000152
0.000149
0.000068
0.000069
0.000149
0.000178
0.000069
0.000150
0.000068
0.000067
0.000066
0.000067
0.000150
0.000067
0.000196
0.000071
0.000067
0.000072
0.000067
0.000066
0.000068
0.000066
0.000066
0.000068
0.000079
0.000146
0.000068
0.000071
0.000069
0.000068
0.000071
0.000121
0.000066
0.000069
0.000068
0.000065
0.000074
0.000200
0.000067
0.000069
0.000069
0.000067
0.000068
0.000068
0.000068
0.000151
0.000152
0.000068
0.000088
0.000068
0.000147
0.000138
0.000194
0.000068
0.000136
0.000076
0.000067
0.000069
0.000177
0.000067
0.000073
0.000067
0.000139
0.000149
0.000068
0.000069
0.000079
0.000067
0.000071
0.000067
0.000069
0.000085
0.000150
0.000067
0.000070
0.000068
0.000068
0.000067
0.000070
0.000067
0.000068
0.000066
0.000066
0.000065
0.000069
0.000066
0.000066
0.000065
0.000087
0.000069
0.000177
0.000068
0.000071
0.000147
0.000068
0.000068
0.000069
0.000150
0.000071
0.000069
0.000069
0.000068
0.000071
0.000150
0.000068
0.000069
0.000070
0.000066
0.000065
0.000067
0.000150
0.000066
0.000073
0.000069
0.000068
0.000068
0.000066
0.000065
0.000069
0.000069
0.000151
0.000072
0.000066
0.000065
0.000150
0.000150
0.000081
0.000070
0.000067
0.000066
0.000065
0.000066
0.000066
0.000064
0.000066
0.000067
0.000150
0.000146
0.000070
0.000073
0.000067
0.000066
0.000067
0.000071
0.000067
0.000079
0.000069
0.000067
0.000079
0.000066
0.000066
0.000067
0.000067
0.000066
0.000076
0.000152
0.000072
0.000068
0.000067
0.000067
0.000065
0.000066
0.000067
0.000067
0.000065
0.000066
0.000066
0.000069
0.000148
0.000066
0.000069
0.000067
0.000068
0.000068
0.000068
0.000071
0.000068
0.000068
0.000080
0.000092
0.000067
0.000068
0.000067
0.000066
0.000066
0.000066
0.000067
0.000153
0.000071
0.000186
0.000069
0.000071
0.000067
0.000066
0.000149
0.000147
0.000068
0.000067
0.000155
0.000150
0.000180
0.000072
0.000155
0.000068
0.000069
0.000065
0.000070
0.000068
0.000066
0.000070
0.000068
0.000149
0.000067
0.000072
0.000068
0.000068
0.000071
0.000069
0.000068
0.000067
0.000067
0.000071
0.000068
0.000150
0.000069
0.000149
0.000073
0.000066
0.000066
0.000065
0.000065
0.000066
0.000067
0.000070
0.000069
0.000067
0.000066
0.000153
0.000149
0.000071
0.000068
0.000070
0.000068
0.000067
0.000066
0.000150
0.000193
0.000152
0.000067
0.000084
0.000150
0.000150
0.000087
0.000152
0.000073
0.000066
0.000067
0.000067
0.000083
0.000163
0.000068
0.000067
0.000066
0.000066
0.000175
0.000149
0.000073
0.000068
0.000075
0.000161
0.000071
0.000067
0.000068
0.000067
0.000069
0.000153
0.000069
0.000067
0.000071
0.000146
0.000071
0.000067
0.000067
0.000064
0.000067
0.000067
0.000069
0.000164
0.000072
0.000065
0.000082
0.000071
0.000150
0.000068
0.000071
0.000067
0.000067
0.000067
0.000068
0.000147
0.000071
0.000069
0.000067
0.000071
0.000067
0.000066
0.000066
0.000067
0.000066
0.000065
0.000068
0.000149
0.000151
0.000068
0.000067
0.000066
0.000086
0.000084
0.000068
0.000068
0.000071
0.000069
0.000067
0.000069
0.000067
0.000072
0.000067
0.000067
0.000067
0.000067
0.000069
0.000068
0.000149
0.000153
0.000068
0.000146
0.000068
0.000073
0.000068
0.000067
0.000067
0.000067
0.000066
0.000066
0.000069
0.000067
0.000081
0.000151
0.000071
0.000068
0.000150
0.000082
0.000152
0.000072
0.000066
0.000066
0.000067
0.000067
0.000068
0.000243
0.000071
0.000143
0.000071
0.000067
0.000066
0.000066
0.000067
0.000066
0.000152
0.000071
0.000068
0.000069
0.000094
0.000164
0.000084
0.000149
0.000194
0.000069
0.000067
0.000065
0.000150
0.000069
0.000150
0.000152
0.000152
0.000069
0.000144
0.000067
0.000068
0.000149
0.000146
0.000068
0.000066
0.000069
0.000148
0.000177
0.000151
0.000072
0.000068
0.000067
0.000067
0.000066
0.000067
0.000189
0.000066
0.000068
0.000066
0.000066
0.000066
0.000067
0.000067
0.000067
0.000067
0.000067
0.000067
0.000067
0.000072
0.000068
0.000066
0.000066
0.000066
0.000067
0.000069
0.000068
0.000067
0.000150
0.000067
0.000067
0.000087
0.000066
0.000066
0.000066
0.000066
0.000067
0.000066
0.000066
0.000066
0.000069
0.000155
0.000073
0.000067
0.000152
0.000068
0.000066
0.000066
0.000067
0.000068
0.000067
0.000067
0.000068
0.000094
0.000066
0.000067
0.000066
0.000082
0.000066
0.000067
0.000066
0.000066
0.000066
0.000066
0.000067
0.000067
0.000149
0.000149
0.000095
0.000068
0.000066
0.000078
0.000067
0.000067
0.000066
0.000067
0.000067
0.000066
0.000067
0.000066
0.000068
0.000067
0.000067
0.000066
0.000068
0.000067
0.000066
0.000068
0.000066
0.000067
0.000066
0.000066
0.000068
0.000066
0.000068
0.000079
0.000179
0.000067
0.000068
0.000070
0.000067
0.000149
0.000067
0.000154
0.000087
0.000148
0.000067
0.000066
0.000066
0.000147
0.000068
0.000066
0.000067
0.000067
0.000066
0.000067
0.000067
0.000151
0.000068
0.000227
0.000065
0.000067
0.000069
0.000067
0.000065
0.000068
0.000067
0.000071
0.000073
0.000067
0.000070
0.000068
0.000066
0.000066
0.000067
0.000068
0.000066
0.000066
0.000067
0.000085
0.000068
0.000068
0.000067
0.000066
0.000065
0.000066
0.000066
0.000067
0.000071
0.000154
0.000069
0.000069
0.000153
0.000074
0.000068
0.000149
0.000227
0.000074
0.000066
0.000066
0.000068
0.000067
0.000067
0.000068
0.000092
0.000157
0.000071
0.000069
0.000228
0.000066
0.000149
0.000068
0.000067
0.000068
0.000067
0.000066
0.000067
0.000155
0.000067
0.000067
0.000068
0.000073
0.000154
0.000079
0.000068
0.000068
0.000074
0.000065
0.000067
0.000154
0.000069
0.000079
0.000072
0.000067
0.000067
0.000067
0.000069
0.000148
0.000072
0.000067
0.000067
0.000068
0.000081
0.000068
0.000066
0.000082
0.000068
0.000069
0.000068
0.000064
0.000067
0.000067
0.000068
0.000066
0.000097
0.000149
0.000071
0.000067
0.000066
0.000065
0.000078
0.000071
0.000070
0.000066
0.000067
0.000067
0.000066
0.000066
0.000103
0.000067
0.000067
0.000066
0.000066
0.000080
0.000214
0.000078
0.000068
0.000067
0.000067
0.000068
0.000066
0.000193
0.000066
0.000065
0.000067
0.000066
0.000067
0.000067
0.000068
0.000066
0.000066
0.000067
0.000066
0.000082
0.000068
0.000067
0.000066
0.000066
0.000066
0.000066
0.000067
0.000068
0.000066
0.000065
0.000067
0.000066
0.000067
0.000067
0.000067
0.000069
0.000069
0.000065
0.000066
0.000066
0.000067
0.000074
0.000068
0.000067
0.000068
0.000067
0.000067
0.000067
0.000066
0.000068
0.000070
0.000067
0.000068
0.000066
0.000067
0.000067
0.000067
0.000083
0.000067
0.000074
0.000070
0.000068
0.000066
0.000065
0.000072
0.000187
0.000066
0.000069
0.000068
0.000067
0.000068
0.000067
0.000067
0.000068
0.000067
0.000149
0.000066
0.000067
0.000065
0.000070
0.000067
0.000068
0.000063
0.000071
0.000067
0.000065
0.000067
0.000065
0.000067
0.000068
0.000067
0.000096
0.000065
0.000065
0.000067
0.000083
0.000067
0.000066
0.000067
0.000070
0.000067
0.000065
0.000065
0.000082
0.000070
0.000068
0.000072
0.000067
0.000070
0.000065
0.000066
0.000066
0.000068
0.000065
0.000065
0.000065
0.000068
0.000065
0.000078
0.000071
0.000067
0.000066
0.000067
0.000067
0.000066
0.000067
0.000067
0.000066
0.000068
0.000067
0.000066
0.000080
0.000066
0.000069
0.000066
0.000063
0.000067
0.000067
0.000066
0.000067
0.000074
0.000070
0.000065
0.000066
0.000067
0.000067
0.000065
0.000066
0.000151
0.000068
0.000070
0.000067
0.000067
0.000067
0.000067
0.000067
0.000067
0.000082
0.000084
0.000065
0.000167
0.000070
0.000067
0.000066
0.000068
0.000066
0.000068
0.000069
0.000069
0.000069
0.000066
0.000067
0.000066
0.000066
0.000067
0.000065
0.000066
0.000068
0.000079
0.000076
0.000066
0.000117
0.000067
0.000065
0.000068
0.000067
0.000067
0.000066
0.000066
0.000083
0.000067
0.000068
0.000067
0.000066
0.000067
0.000067
0.000075
0.000066
0.000067
0.000075
0.000067
0.000069
0.000067
0.000068
0.000066
0.000065
0.000067
0.000065
0.000065
0.000067
0.000068
0.000067
0.000149
0.000148
0.000067
0.000068
0.000149
0.000148
0.000079
0.000067
0.000087
0.000066
0.000066
0.000066
0.000067
0.000151
0.000239
0.000071
0.000067
0.000066
0.000068
0.000066
0.000141
0.000067
0.000066
0.000066
0.000079
0.000079
0.000067
0.000066
0.000066
0.000067
0.000066
0.000066
0.000066
0.000066
0.000079
0.000066
0.000067
0.000068
0.000068
0.000069
0.000192
0.000068
0.000066
0.000070
0.000078
0.000067
0.000067
0.000079
0.000065
0.000068
0.000067
0.000067
0.000066
0.000067
0.000067
0.000067
0.000067
0.000068
0.000067
0.000067
0.000151
0.000067
0.000147
0.000149
0.000066
0.000066
0.000081
0.000066
0.000067
0.000066
0.000066
0.000071
0.000149
0.000200
0.000067
0.000067
0.000066
0.000067
0.000066
0.000066
0.000066
0.000086
0.000066
0.000066
0.000065
0.000071
0.000066
0.000066
0.000067
0.000066
0.000067
0.000068
0.000066
0.000067
0.000070
0.000066
0.000065
0.000067
0.000092
0.000066
0.000067
0.000065
0.000065
0.000078
0.000067
0.000067
0.000068
0.000079
0.000067
0.000066
0.000068
0.000067
0.000067
0.000066
0.000068
0.000066
0.000066
0.000067
0.000067
0.000067
0.000066
0.000068
0.000079
0.000066
0.000066
0.000066
0.000069
0.000065
0.000066
0.000072
0.000070
0.000079
0.000066
0.000067
0.000069
0.000069
0.000078
0.000103
0.000067
0.000066
0.000150
0.000066
0.000066
0.000067
0.000065
0.000068
0.000065
0.000068
0.000065
0.000067
0.000068
0.000068
0.000068
0.000066
0.000076
0.000067
0.000068
0.000077
0.000067
0.000066
0.000066
0.000066
0.000067
0.000068
0.000066
0.000067
0.000067
0.000067
0.000066
0.000066
0.000066
0.000067
0.000066
0.000067
0.000068
0.000065
0.000066
0.000066
0.000067
0.000065
0.000066
0.000067
0.000067
0.000066
0.000066
0.000069
0.000066
0.000068
0.000071
0.000132
0.000110
0.000068
0.000066
0.000066
0.000066
0.000068
0.000066
0.000067
0.000068
0.000067
0.000067
0.000068
0.000067
0.000067
0.000064
0.000066
0.000153
0.000152
0.000067
0.000067
0.000067
0.000068
0.000067
0.000065
0.000070
0.000191
0.000067
0.000066
0.000067
0.000086
0.000079
0.000066
0.000066
0.000067
0.000068
0.000070
0.000148
0.000066
0.000068
0.000069
0.000067
0.000067
0.000067
0.000072
0.000070
0.000068
0.000067
0.000070
0.000065
0.000069
0.000067
0.000068
0.000067
0.000067
0.000066
0.000067
0.000067
0.000068
0.000066
0.000066
0.000068
0.000172
0.000068
0.000066
0.000066
0.000067
0.000065
0.000067
0.000068
0.000067
0.000068
0.000066
0.000066
0.000079
0.000068
0.000068
0.000066
0.000066
0.000149
0.000149
0.000068
0.000066
0.000066
0.000069
0.000066
0.000068
0.000068
0.000066
0.000073
0.000085
0.000066
0.000068
0.000070
0.000066
0.000079
0.000067
0.000067
0.000067
0.000067
0.000066
0.000067
0.000072
0.000069
0.000065
0.000067
