0.000310
0.000303
0.000321
0.000318
0.000305
0.000307
0.000306
0.000305
0.000305
0.000333
0.000313
0.000305
0.000309
0.000304
0.000367
0.000310
0.000331
0.000317
0.000317
0.000305
0.000334
0.000684
0.000894
0.000304
0.000307
0.000305
0.000305
0.000336
0.000307
0.000313
0.000320
0.000305
0.000326
0.000306
0.000304
0.000351
0.000305
0.000305
0.000308
0.000305
0.000308
0.000315
0.000521
0.000316
0.000307
0.000309
0.000324
0.000316
0.000313
0.000306
0.000307
0.000304
0.000310
0.000311
0.000302
0.000319
0.000321
0.000344
0.000301
0.000312
0.000305
0.000310
0.000306
0.000311
0.000335
0.000306
0.000316
0.000352
0.000306
0.000310
0.000311
0.000320
0.000310
0.000321
0.000317
0.000306
0.000308
0.000304
0.000308
0.000665
0.000314
0.000333
0.000306
0.000320
0.000314
0.000306
0.000309
0.000304
0.000689
0.000385
0.000305
0.000306
0.000322
0.000307
0.000302
0.000306
0.000313
0.000313
0.000304
0.000305
0.000319
0.000512
0.000316
0.000315
0.000307
0.000327
0.000311
0.000307
0.000316
0.000312
0.000306
0.000306
0.000305
0.000305
0.000306
0.000313
0.000316
0.000326
0.000314
0.000310
0.000312
0.000305
0.000301
0.000314
0.000615
0.000444
0.000305
0.000312
0.000304
0.000318
0.000313
0.000307
0.000305
0.000318
0.000302
0.000316
0.000305
0.000300
0.000304
0.000312
0.000315
0.000688
0.000306
0.000305
0.000308
0.000308
0.000311
0.000305
0.000306
0.000326
0.000308
0.000305
0.000306
0.000323
0.000692
0.000309
0.000304
0.000305
0.000317
0.000305
0.000305
0.000305
0.000307
0.000305
0.000329
0.000305
0.000305
0.000306
0.000330
0.000328
0.000327
0.000321
0.000309
0.000305
0.000321
0.000309
0.000310
0.000323
0.000302
0.000304
0.000305
0.000309
0.000355
0.000319
0.000313
0.000500
0.000305
0.000309
0.000326
0.000307
0.000306
0.000337
0.000307
0.000306
0.000308
0.000307
0.000312
0.000317
0.000326
0.000598
0.000308
0.000305
0.000310
0.000333
0.000309
0.000330
0.000325
0.000316
0.000307
0.000319
0.000305
0.000309
0.000306
0.000305
0.000315
0.000305
0.000305
0.000299
0.000327
0.000307
0.000313
0.000324
0.000309
0.000307
0.000332
0.000310
0.000313
0.000303
0.000304
0.000447
0.000306
0.000688
0.000307
0.000318
0.000311
0.000308
0.000308
0.000306
0.000322
0.000311
0.000312
0.000308
0.000312
0.000727
0.000677
0.000305
0.000308
0.000308
0.000312
0.000776
0.000306
0.000308
0.000306
0.000304
0.000311
0.000304
0.000399
0.000773
0.000314
0.000306
0.000312
0.000306
0.000313
0.000310
0.000333
0.000321
0.000310
0.000306
0.000307
0.000313
0.000310
0.000309
0.000311
0.000305
0.000315
0.000333
0.000308
0.000312
0.000313
0.000303
0.000327
0.000868
0.000924
0.000335
0.000307
0.000304
0.000305
0.000307
0.000306
0.000305
0.000302
0.000306
0.000331
0.000318
0.000319
0.000315
0.000320
0.000356
0.000319
0.000310
0.000367
0.000315
0.000316
0.000323
0.000316
0.000304
0.000309
0.000316
0.000308
0.000306
0.000306
0.000311
0.000316
0.000306
0.000314
0.000306
0.000315
0.000329
0.000311
0.000320
0.000312
0.000306
0.000304
0.000305
0.000304
0.000306
0.000307
0.000307
0.000332
0.000315
0.000318
0.000307
0.000305
0.000329
0.000308
0.000310
0.000315
0.000302
0.000315
0.000337
0.000308
0.000322
0.000307
0.000306
0.000302
0.000320
0.000307
0.000497
0.000329
0.000317
0.000305
0.000307
0.000306
0.000309
0.000308
0.000477
0.000317
0.000484
0.000308
0.000328
0.000309
0.000305
0.000353
0.000304
0.000314
0.000304
0.000311
0.000307
0.000320
0.000305
0.000311
0.000309
0.000308
0.000316
0.000309
0.000320
0.000303
0.000307
0.000316
0.000447
0.000657
0.000305
0.000353
0.000311
0.000311
0.000314
0.000314
0.000305
0.000312
0.000316
0.000304
0.000307
0.000315
0.000300
0.000314
0.000310
0.000307
0.000315
0.000323
0.000307
0.000306
0.000307
0.000316
0.000317
0.000309
0.000306
0.000307
0.000318
0.000317
0.000308
0.000314
0.000303
0.000309
0.000320
0.000322
0.000305
0.000311
0.000359
0.000311
0.000323
0.000329
0.000311
0.000305
0.000304
0.000305
0.000308
0.000330
0.000314
0.000307
0.000306
0.000306
0.000312
0.000375
0.000315
0.000308
0.000312
0.000316
0.000685
0.000407
0.000305
0.000315
0.000307
0.000309
0.000307
0.000316
0.000305
0.000374
0.000306
0.000305
0.000345
0.000306
0.000307
0.000365
0.000306
0.000305
0.000304
0.000315
0.000305
0.000305
0.000312
0.000306
0.000316
0.000313
0.000317
0.000305
0.000308
0.000323
0.000332
0.000304
0.000316
0.000308
0.000305
0.000308
0.000313
0.000306
0.000311
0.000313
0.000358
0.000306
0.000321
0.000345
0.000309
0.000311
0.000323
0.000308
0.000308
0.000313
0.000315
0.000304
0.000334
0.000308
0.000309
0.000319
0.000326
0.000316
0.000320
0.000318
0.000306
0.000327
0.000317
0.000312
0.000312
0.000314
0.000305
0.000319
0.000531
0.000724
0.000310
0.000306
0.000368
0.000317
0.000305
0.000328
0.000306
0.000305
0.000310
0.000302
0.000307
0.000309
0.000306
0.000306
0.000307
0.000304
0.000305
0.000315
0.000329
0.000306
0.000305
0.000307
0.000666
0.000325
0.000306
0.000307
0.000313
0.000308
0.000308
0.000319
0.000318
0.000306
0.000305
0.000306
0.000317
0.000312
0.000316
0.000320
0.000310
0.000303
0.000308
0.000309
0.000328
0.000312
0.000311
0.000305
0.000307
0.000304
0.000319
0.000524
0.000306
0.000315
0.000304
0.000308
0.000335
0.000315
0.000307
0.000307
0.000305
0.000302
0.000311
0.000307
0.000307
0.000708
0.000702
0.000304
0.000308
0.000313
0.000305
0.000307
0.000403
0.000306
0.000301
0.000329
0.000314
0.000306
0.000305
0.000328
0.000323
0.000318
0.000306
0.000308
0.000306
0.000311
0.000309
0.000325
0.000322
0.000304
0.000306
0.000328
0.000302
0.000309
0.000306
0.000306
0.000611
0.000305
0.000441
0.000315
0.000313
0.000307
0.000303
0.000307
0.000315
0.000335
0.000304
0.000308
0.000333
0.000360
0.000304
0.000332
0.000306
0.000315
0.000305
0.000309
0.000315
0.000327
0.000318
0.000308
0.000306
0.000305
0.000313
0.000304
0.000711
0.000648
0.000312
0.000315
0.000336
0.000306
0.000306
0.000303
0.000316
0.000314
0.000304
0.000307
0.000726
0.000309
0.000308
0.000338
0.000315
0.000304
0.000325
0.000310
0.000303
0.000314
0.000302
0.000317
0.000308
0.000307
0.000304
0.000312
0.000308
0.000338
0.000306
0.000324
0.000306
0.000305
0.000308
0.000307
0.000304
0.000328
0.000314
0.000321
0.000306
0.000307
0.000308
0.000306
0.000330
0.000880
0.000685
0.000306
0.000306
0.000308
0.000305
0.000307
0.000324
0.000311
0.000304
0.000305
0.000313
0.000309
0.000314
0.000305
0.000357
0.000306
0.000307
0.000316
0.000301
0.000300
0.000319
0.000301
0.000567
0.000690
0.000317
0.000305
0.000308
0.000313
0.000317
0.000318
0.000315
0.000308
0.000313
0.000309
0.000306
0.000313
0.000314
0.000309
0.000313
0.000327
0.000305
0.000308
0.000306
0.000305
0.000308
0.000306
0.000304
0.000306
0.000319
0.000315
0.000305
0.000308
0.000313
0.000315
0.000331
0.000311
0.000307
0.000332
0.000326
0.000317
0.000315
0.000327
0.000308
0.000314
0.000314
0.000305
0.000309
0.000309
0.000321
0.000315
0.000306
0.000333
0.000305
0.000310
0.000319
0.000303
0.000305
0.000321
0.000305
0.000305
0.000315
0.000305
0.000315
0.000314
0.000318
0.000318
0.000319
0.000309
0.000306
0.000313
0.001015
0.000694
0.000451
0.000313
0.000310
0.000733
0.000305
0.000708
0.000318
0.000309
0.000310
0.000309
0.000313
0.000313
0.000316
0.000720
0.000355
0.000317
0.000304
0.000312
0.000316
0.000310
0.000334
0.000305
0.000313
0.000309
0.000310
0.000316
0.000308
0.000310
0.000315
0.000305
0.000329
0.000307
0.000310
0.000306
0.000309
0.000311
0.000313
0.000401
0.000937
0.000305
0.000305
0.000343
0.000306
0.000313
0.000308
0.000305
0.000306
0.000305
0.000310
0.000311
0.000360
0.000307
0.000307
0.000335
0.000308
0.000309
0.000305
0.000307
0.000311
0.000313
0.000333
0.000318
0.000315
0.000306
0.000309
0.000364
0.000306
0.000308
0.000304
0.000308
0.000315
0.000305
0.000312
0.000301
0.000315
0.000323
0.000309
0.000317
0.000324
0.000309
0.000309
0.000319
0.000316
0.000316
0.000307
0.000310
0.000304
0.000307
0.000321
0.000309
0.000314
0.000317
0.000302
0.000305
0.000333
0.000312
0.000312
0.000312
0.000308
0.000307
0.000308
0.000813
0.000364
0.000305
0.000309
0.000306
0.000308
0.000306
0.000339
0.000309
0.000305
0.000305
0.000327
0.000316
0.000326
0.000307
0.000305
0.000309
0.000305
0.000306
0.000315
0.000310
0.000305
0.000304
0.000339
0.000308
0.000319
0.000319
0.000319
0.000308
0.000321
0.000312
0.000309
0.000310
0.000309
0.000305
0.000304
0.000307
0.000305
0.000305
0.000305
0.000313
0.000309
0.000306
0.000305
0.000333
0.000405
0.000305
0.000323
0.000326
0.000309
0.000305
0.000309
0.000303
0.000313
0.000307
0.000307
0.000314
0.000307
0.000306
0.000305
0.000314
0.000306
0.000308
0.000304
0.000316
0.000307
0.000308
0.000326
0.000305
0.000305
0.000310
0.000322
0.000342
0.000880
0.000309
0.000312
0.000313
0.000310
0.000318
0.000323
0.000308
0.000309
0.000315
0.000306
0.000308
0.000307
0.000310
0.000320
0.000304
0.000303
0.000306
0.000305
0.000318
0.000307
0.000308
0.000306
0.000304
0.000310
0.000305
0.000305
0.000314
0.000309
0.000306
0.000304
0.000313
0.000311
0.000301
0.000302
0.000306
0.000332
0.000309
0.000304
0.000323
0.000310
0.000308
0.000315
0.000310
0.000324
0.000318
0.000306
0.000309
0.000353
0.000306
0.000308
0.000305
0.000306
0.000309
0.000305
0.000307
0.000305
0.000311
0.000298
0.000321
0.000567
0.000387
0.000712
0.000386
0.000306
0.000313
0.000306
0.000328
0.000308
0.000876
0.000318
0.000447
0.000309
0.000311
0.000306
0.000304
0.000310
0.000305
0.000307
0.000677
0.000309
0.000306
0.000314
0.000572
0.000316
0.000320
0.000321
0.000308
0.000316
0.000306
0.000889
0.000308
0.000306
0.000382
0.000424
0.000448
0.000313
0.000357
0.000306
0.000310
0.000316
0.000573
0.000318
0.000692
0.000314
0.000763
0.000316
0.000702
0.000316
0.000308
0.000305
0.000318
0.000308
0.000376
0.000312
0.000313
0.000308
0.000324
0.000644
0.000303
0.000378
0.000321
0.000310
0.000406
0.000553
0.000309
0.000316
0.000307
0.000306
0.000305
0.000304
0.000314
0.000332
0.000314
0.000646
0.000693
0.000367
0.000686
0.000629
0.000307
0.000333
0.000309
0.000329
0.000313
0.000542
0.000691
0.000318
0.000834
0.000550
0.000311
0.000310
0.000309
0.000314
0.000701
0.000311
0.000711
0.000316
0.000309
0.000308
0.000678
0.000317
0.000309
0.000713
0.000315
0.000686
0.000308
0.000612
0.000693
0.000310
0.000306
0.000306
0.000870
0.000334
0.000306
0.000307
0.000308
0.000309
0.000309
0.000636
0.000309
0.000368
0.000605
0.000309
0.000310
0.000312
0.000688
0.000305
0.000707
0.000308
0.000733
0.000538
0.000317
0.000712
0.000888
0.000301
0.000306
0.000309
0.000635
0.000696
0.000337
0.000682
0.000348
0.000315
0.000306
0.000309
0.000316
0.000309
0.000308
0.000576
0.000368
0.000319
0.000346
0.000659
0.000456
0.000702
0.000312
0.000325
0.000305
0.000327
0.000828
0.000668
0.000313
0.000305
0.000309
0.000321
0.000323
0.000691
0.000317
0.000314
0.000312
0.000307
0.000722
0.000308
0.000314
0.000307
0.000306
0.000322
0.000312
0.000316
0.000312
0.000732
0.000312
0.000305
0.000349
0.000612
0.000686
0.000654
0.000308
0.000317
0.000741
0.000868
0.000492
0.000321
0.000307
0.000318
0.000665
0.000844
0.000320
0.000308
0.000718
0.000305
0.000368
0.000306
0.000308
0.000305
0.000307
0.000306
0.000305
0.000723
0.000337
0.000464
0.000719
0.000312
0.000305
0.000316
0.000312
0.000303
0.000682
0.000314
0.000325
0.000429
0.000725
0.000714
0.000321
0.000310
0.000309
0.000406
0.000345
0.000597
0.000924
0.000306
0.000537
0.001239
0.000687
0.000756
0.000318
0.000713
0.000998
0.000717
0.000903
0.000320
0.000306
0.000688
0.000325
0.000689
0.000313
0.000711
0.000306
0.000707
0.000518
0.000314
0.000315
0.000691
0.000682
0.000704
0.000309
0.000313
0.000325
0.000310
0.000712
0.000307
0.000314
0.000309
0.000309
0.000687
0.000309
0.000889
0.000303
0.000307
0.000695
0.000709
0.000525
0.000312
0.000305
0.000307
0.000630
0.000312
0.000304
0.000360
0.000322
0.000319
0.000307
0.000307
0.000644
0.000770
0.000760
0.000525
0.000693
0.000823
0.000310
0.000307
0.000306
0.000306
0.000299
0.000317
0.000310
0.000340
0.000307
0.000308
0.000847
0.000923
0.000306
0.000308
0.000316
0.000312
0.000368
0.000319
0.000640
0.000404
0.000364
0.000314
0.000320
0.000307
0.000321
0.000307
0.000306
0.000312
0.000316
0.000315
0.000878
0.000369
0.000409
0.000313
0.000732
0.000865
0.000319
0.000314
0.000307
0.000305
0.000402
0.000305
0.000551
0.000318
0.000313
0.000666
0.000463
0.000692
0.000314
0.000344
0.000312
0.000726
0.000694
0.000307
0.000304
0.000313
0.000308
0.000310
0.000305
0.000306
0.000305
0.000309
0.000307
0.000312
0.000314
0.000323
0.000300
0.000688
0.000488
0.000317
0.000305
0.000308
0.000306
0.000308
0.000306
0.000316
0.000308
0.000678
0.000311
0.000309
0.000312
0.000425
0.000875
0.000307
0.000310
0.000367
0.000686
0.000886
0.000306
0.000379
0.000710
0.000307
0.000319
0.000319
0.000311
0.000688
0.000534
0.000310
0.000438
0.000885
0.000322
0.000381
0.000326
0.000307
0.000305
0.000882
0.000321
0.000308
0.000366
0.000315
0.000443
0.000398
0.000683
0.000316
0.000313
0.000314
0.000316
0.000319
0.000311
0.000309
0.000316
0.000366
0.000692
0.000531
0.000325
0.000309
0.000311
0.000316
0.000310
0.000770
0.000840
0.000309
0.000687
0.000313
0.000608
0.000324
0.000307
0.000442
0.000313
0.000315
0.000337
0.000699
0.000324
0.000305
0.000309
0.000328
0.000687
0.000455
0.000392
0.000335
0.000705
0.000308
0.000753
0.000342
0.000684
0.000335
0.000772
0.000328
0.000601
0.000791
0.000882
0.000330
0.000305
0.000308
0.000692
0.000309
0.000314
0.000307
0.000308
0.000614
0.000306
0.000308
0.000309
0.000341
0.000305
0.000412
0.000306
0.000340
0.000313
0.000309
0.000302
0.000329
0.000307
0.000309
0.000314
0.000317
0.000860
0.000308
0.000320
0.000946
0.000794
0.000307
0.000330
0.000310
0.000736
0.000667
0.000340
0.000308
0.000313
0.000755
0.000309
0.000313
0.000306
0.000306
0.000312
0.000308
0.000308
0.000728
0.000333
0.000687
0.000892
0.000316
0.000315
0.000305
0.000308
0.000683
0.000313
0.000305
0.000306
0.000305
0.000321
0.000309
0.000306
0.000309
0.000326
0.000305
0.000310
0.000306
0.000708
0.000305
0.000313
0.000335
0.000307
0.000309
0.000305
0.000306
0.000305
0.000315
0.000305
0.000313
0.000316
0.000307
0.000304
0.000304
0.000319
0.000302
0.000311
0.000334
0.000307
0.000309
0.000307
0.000306
0.000305
0.000308
0.000306
0.000305
0.000302
0.000307
0.000310
0.000321
0.000313
0.000313
0.000316
0.000315
0.000311
0.000305
0.000309
0.000301
0.000315
0.000306
0.000307
0.000305
0.000306
0.000306
0.000318
0.000315
0.000304
0.000312
0.000312
0.000334
0.000315
0.000319
0.000303
0.000306
0.000317
0.000315
0.000302
0.000307
0.000303
0.000306
0.000310
0.000311
0.000315
0.000313
0.000314
0.000306
0.000306
0.000307
0.000304
0.000316
0.000307
0.000354
0.000308
0.000305
0.000313
0.000306
0.000312
0.000308
0.000306
0.000314
0.000309
0.000305
0.000304
0.000709
0.000786
0.000315
0.000305
0.000591
0.000742
0.000310
0.000309
0.000323
0.000315
0.000310
0.000346
0.000686
0.000305
0.000308
0.000305
0.000322
0.000325
0.000575
0.000397
0.000315
0.000307
0.000306
0.000309
0.000304
0.000306
0.000310
0.000310
0.000304
0.000306
0.000304
0.000307
0.000308
0.000718
0.000304
0.000316
0.000309
0.000314
0.000305
0.000336
0.000305
0.000310
0.000306
0.000308
0.000305
0.000328
0.000319
0.000330
0.000312
0.000306
0.000311
0.000307
0.000373
0.000304
0.000321
0.000318
0.000305
0.000304
0.000306
0.000309
0.000316
0.000306
0.000305
0.000321
0.000584
0.000729
0.000343
0.000683
0.000309
0.000396
0.000303
0.000314
0.000441
0.000305
0.000301
0.000318
0.000510
0.000305
0.000316
0.000306
0.000312
0.000305
0.000305
0.000305
0.000500
0.000306
0.000304
0.000313
0.000326
0.000424
0.000307
0.000308
0.000315
0.000307
0.000548
0.000317
0.000362
0.000312
0.000306
0.000301
0.000305
0.000308
0.000362
0.000307
0.000380
0.000345
0.000308
0.000310
0.000332
0.000316
0.000304
0.000305
0.000309
0.000306
0.000315
0.000313
0.000307
0.000309
0.000337
0.000309
0.000332
0.000504
0.000723
0.000308
0.000306
0.000305
0.000318
0.000306
0.000314
0.000332
0.000314
0.000308
0.000702
0.000724
0.000314
0.000315
0.000687
0.000305
0.000308
0.000309
0.000308
0.000317
0.000305
0.000306
0.000317
0.000330
0.000305
0.000305
0.000304
0.000309
0.000311
0.000304
0.000304
0.000315
0.000313
0.000690
0.000308
0.000306
0.000812
0.000725
0.000686
0.000699
0.000344
0.000311
0.000303
0.000354
0.000572
0.000303
0.000307
0.000309
0.000313
0.000309
0.000305
0.000308
0.001194
0.000736
0.000306
0.000302
0.000316
0.000311
0.000323
0.000306
0.000315
0.000314
0.000328
0.000309
0.000306
0.000359
0.000528
0.000726
0.000305
0.000319
0.000305
0.000323
0.000303
0.000315
0.000308
0.000318
0.000314
0.000305
0.000302
0.000486
0.000316
0.000308
0.000307
0.000305
0.000310
0.000305
0.000305
0.000569
0.000314
0.000306
0.000309
0.000333
0.000303
0.000310
0.000308
0.000305
0.000308
0.000305
0.000313
0.000305
0.000304
0.000305
0.000310
0.000306
0.000306
0.000328
0.000317
0.000304
0.000323
0.000305
0.000309
0.000853
0.000305
0.000312
0.000306
0.000305
0.000306
0.000312
0.000360
0.000324
0.000304
0.000310
0.000306
0.000304
0.000313
0.000305
0.000303
0.000326
0.000310
0.000306
0.000314
0.000307
0.000305
0.000304
0.000307
0.000305
0.000316
0.000310
0.000303
0.000306
0.000312
0.000309
0.000305
0.000307
0.000323
0.000309
0.000314
0.000315
0.000305
0.000569
0.000683
0.000326
0.000535
0.000306
0.000688
0.000304
0.000305
0.000307
0.000306
0.000305
0.000304
0.000309
0.000333
0.000305
0.000305
0.000324
0.000305
0.000306
0.000318
0.000308
0.000348
0.000685
0.000322
0.000315
0.000688
0.000338
0.000308
0.000304
0.000309
0.000853
0.000595
0.000310
0.000310
0.000698
0.000316
0.000328
0.000319
0.000305
0.000309
0.000697
0.000307
0.000945
0.000310
0.000347
0.000310
0.000306
0.000309
0.000319
0.000322
0.000313
0.000887
0.000336
0.000312
0.000316
0.000307
0.000343
0.000330
0.000868
0.000343
0.000511
0.000312
0.000522
0.000827
0.000307
0.000308
0.000314
0.000305
0.000307
0.000561
0.000874
0.000308
0.000317
0.000344
0.000316
0.000306
0.000310
0.000315
0.000344
0.000308
0.000306
0.000309
0.000315
0.000303
0.000308
0.000310
0.000319
0.000350
0.000311
0.000314
0.000309
0.000378
0.000316
0.000306
0.000311
0.000315
0.000703
0.000319
0.000442
0.000307
0.000309
0.000307
0.000311
0.000314
0.000316
0.000307
0.000305
0.000319
0.000321
0.000874
0.000340
0.000308
0.000522
0.000456
0.000724
0.000306
0.000304
0.000309
0.000310
0.000317
0.000369
0.000318
0.000404
0.000689
0.000388
0.000451
