0.000687
0.000696
0.001472
0.001154
0.000681
0.001369
0.000754
0.000684
0.000764
0.000719
0.001219
0.000691
0.001240
0.000700
0.001261
0.000698
0.001246
0.000754
0.002179
0.000689
0.000846
0.000987
0.000694
0.001016
0.000729
0.000688
0.000696
0.000913
0.000738
0.001035
0.000703
0.001053
0.000672
0.000678
0.001296
0.000723
0.001258
0.000718
0.000689
0.000859
0.000717
0.000684
0.000679
0.000682
0.000680
0.000697
0.000986
0.000718
0.000707
0.000682
0.000686
0.000707
0.000674
0.000700
0.000677
0.000676
0.000694
0.000671
0.000699
0.000695
0.001008
0.000703
0.000686
0.000681
0.000884
0.000707
0.001080
0.000687
0.000680
0.000670
0.000681
0.001732
0.000703
0.000717
0.000946
0.000731
0.000695
0.000676
0.000700
0.000674
0.000690
0.000681
0.000694
0.000692
0.000681
0.000857
0.000682
0.000674
0.000928
0.000745
0.001066
0.000687
0.000850
0.000871
0.000997
0.000990
0.000694
0.001206
0.000717
0.000674
0.000676
0.001965
0.000684
0.000989
0.001455
0.000676
0.000673
0.000682
0.000957
0.000679
0.001039
0.001355
0.000832
0.000703
0.001077
0.000677
0.000783
0.000783
0.001299
0.001228
0.000679
0.001071
0.000745
0.000744
0.001359
0.000864
0.000683
0.000968
0.000757
0.001192
0.000988
0.000694
0.000936
0.000738
0.001061
0.000700
0.001239
0.000680
0.000698
0.000857
0.000993
0.000699
0.000928
0.000700
0.000772
0.001017
0.000680
0.000933
0.001150
0.000680
0.000888
0.000701
0.001064
0.000775
0.001200
0.000750
0.001505
0.000778
0.000673
0.001133
0.000883
0.000685
0.000997
0.000696
0.001072
0.001309
0.000681
0.000682
0.000675
0.000680
0.000899
0.001313
0.000748
0.001304
0.000719
0.000679
0.001090
0.001327
0.000677
0.001078
0.000733
0.001065
0.000739
0.000917
0.000678
0.001062
0.000756
0.001088
0.000738
0.001435
0.000700
0.000684
0.001268
0.001123
0.000694
0.001143
0.001393
0.000668
0.001176
0.000760
0.001321
0.000741
0.001091
0.000998
0.001081
0.000695
0.001066
0.000732
0.000692
0.000681
0.000772
0.000683
0.000684
0.000716
0.001206
0.001111
0.000690
0.001068
0.001543
0.001028
0.000693
0.001070
0.000726
0.001037
0.000700
0.000700
0.001221
0.000976
0.000726
0.001825
0.000684
0.000707
0.000964
0.000710
0.001251
0.000678
0.000681
0.000689
0.000673
0.000673
0.000684
0.001349
0.000921
0.000675
0.000999
0.000709
0.000684
0.001777
0.000686
0.001166
0.001082
0.000703
0.001019
0.000683
0.000817
0.001184
0.001097
0.000691
0.001383
0.000741
0.001443
0.000894
0.001267
0.001317
0.000684
0.001069
0.000679
0.000709
0.001155
0.000737
0.001041
0.001322
0.000701
0.001242
0.000685
0.000680
0.001187
0.000747
0.001546
0.000680
0.000678
0.000750
0.000670
0.000915
0.001411
0.000679
0.001370
0.000711
0.000779
0.000675
0.001238
0.000676
0.001257
0.000704
0.001528
0.000696
0.001934
0.000960
0.001148
0.000722
0.001392
0.001357
0.000677
0.000830
0.000679
0.000675
0.000990
0.001146
0.000677
0.001051
0.000698
0.001083
0.001206
0.001447
0.000711
0.001277
0.001198
0.000730
0.001380
0.001322
0.000812
0.001236
0.000727
0.000677
0.001282
0.001004
0.000701
0.001244
0.000683
0.000687
0.000674
0.000681
0.001417
0.001197
0.000709
0.001059
0.000701
0.000981
0.000697
0.000681
0.000719
0.000993
0.000697
0.001033
0.000734
0.000680
0.001016
0.000677
0.000680
0.000819
0.000691
0.001125
0.000678
0.001298
0.000683
0.001279
0.000673
0.000695
0.001009
0.000675
0.001028
0.000751
0.001094
0.001359
0.000703
0.000959
0.000994
0.000695
0.000921
0.000717
0.001090
0.000717
0.001416
0.000861
0.001049
0.000679
0.000681
0.000678
0.000700
0.000681
0.001172
0.000694
0.001220
0.000806
0.001119
0.000707
0.000675
0.000679
0.000682
0.000675
0.001332
0.001017
0.001396
0.001476
0.000684
0.000672
0.000690
0.001099
0.000691
0.000702
0.000683
0.000757
0.000684
0.001378
0.000677
0.000720
0.000689
0.000692
0.000696
0.000677
0.001536
0.000677
0.001218
0.000689
0.000715
0.000687
0.000702
0.000692
0.000701
0.000693
0.001390
0.000674
0.000678
0.000684
0.000713
0.000679
0.001116
0.000677
0.000680
0.001040
0.001244
0.000679
0.000696
0.000692
0.000700
0.000677
0.000680
0.000685
0.000941
0.000678
0.000694
0.001159
0.000721
0.000683
0.000700
0.000910
0.000745
0.000691
0.000725
0.001227
0.001171
0.000698
0.000672
0.000694
0.000677
0.000673
0.000677
0.000682
0.001135
0.000716
0.000678
0.000716
0.000690
0.000713
0.000678
0.000701
0.001567
0.000699
0.000691
0.000678
0.000680
0.000693
0.000690
0.000680
0.000696
0.000948
0.000731
0.000677
0.000718
0.000677
0.000697
0.000687
0.000711
0.000685
0.000704
0.001074
0.000704
0.000674
0.000713
0.000676
0.000698
0.000689
0.000681
0.000696
0.000717
0.001165
0.000833
0.000692
0.000679
0.000679
0.000699
0.000681
0.000681
0.000703
0.000686
0.000691
0.000978
0.000677
0.000708
0.000682
0.001079
0.000722
0.000700
0.000695
0.000694
0.000700
0.000673
0.000701
0.000691
0.000691
0.000679
0.000689
0.000694
0.000692
0.000675
0.000764
0.000691
0.000728
0.000675
0.000696
0.000680
0.000710
0.000678
0.000696
0.000997
0.000682
0.000677
0.000698
0.000694
0.000699
0.000713
0.000692
0.000677
0.000679
0.000998
0.000709
0.000678
0.000733
0.001247
0.000681
0.000670
0.000689
0.000727
0.000719
0.000680
0.000673
0.000678
0.000692
0.000673
0.000679
0.000677
0.000679
0.000678
0.000685
0.001480
0.000675
0.000700
0.000682
0.000721
0.000675
0.000695
0.000679
0.000702
0.000697
0.000706
0.000679
0.000711
0.000677
0.000703
0.000673
0.000697
0.000675
0.000708
0.000692
0.000694
0.001499
0.000746
0.000726
0.000678
0.000739
0.000691
0.000735
0.001340
0.001117
0.000736
0.000674
0.000707
0.001187
0.000680
0.000678
0.000697
0.000671
0.000719
0.000881
0.000681
0.000674
0.000680
0.000684
0.000674
0.000678
0.000697
0.000676
0.000943
0.000677
0.000697
0.000675
0.000692
0.000679
0.000727
0.000673
0.000700
0.000691
0.000668
0.001347
0.000674
0.000675
0.000683
0.000679
0.000880
0.000675
0.000702
0.000685
0.000671
0.000679
0.000810
0.000673
0.000732
0.000675
0.000715
0.000819
0.001828
0.000724
0.000700
0.000710
0.000688
0.000682
0.000719
0.000701
0.000681
0.000698
0.000695
0.000687
0.001245
0.000682
0.000696
0.000694
0.000697
0.000675
0.000678
0.000710
0.001135
0.000708
0.000674
0.000678
0.001049
0.000692
0.000682
0.001743
0.000669
0.000680
0.000677
0.000691
0.000676
0.000676
0.000883
0.001265
0.000678
0.001071
0.000701
0.000681
0.000688
0.000683
0.001010
0.000719
0.000700
0.000682
0.000722
0.000700
0.000673
0.001074
0.000705
0.001067
0.000751
0.000709
0.001853
0.000690
0.001293
0.000714
0.000671
0.001047
0.000724
0.000691
0.000679
0.000849
0.000706
0.001216
0.000705
0.001234
0.000740
0.001221
0.000787
0.001244
0.000683
0.000690
0.000703
0.000844
0.000681
0.000694
0.000900
0.000690
0.001050
0.000683
0.000998
0.000682
0.000685
0.000799
0.000683
0.000702
0.000684
0.000860
0.000678
0.001224
0.000685
0.000763
0.001098
0.000752
0.000683
0.000700
0.000914
0.000691
0.000683
0.000680
0.000679
0.000729
0.001384
0.001046
0.000676
0.001005
0.000746
0.001052
0.000719
0.001202
0.000694
0.001222
0.000695
0.000877
0.001220
0.000739
0.000679
0.000694
0.000928
0.000699
0.001075
0.000678
0.000701
0.000719
0.001042
0.000685
0.000705
0.001042
0.000681
0.001053
0.000682
0.000712
0.000678
0.001165
0.000683
0.000716
0.000702
0.001276
0.000687
0.000682
0.000684
0.000965
0.000679
0.001064
0.000708
0.000697
0.000679
0.000963
0.000686
0.001033
0.000754
0.000687
0.000718
0.000674
0.001659
0.000754
0.000683
0.001717
0.000719
0.000789
0.000685
0.000682
0.000692
0.000703
0.001078
0.000725
0.000705
0.000702
0.000707
0.001025
0.000693
0.000692
0.000674
0.001001
0.000683
0.001062
0.000716
0.001381
0.000690
0.000681
0.000714
0.001143
0.000732
0.001074
0.000690
0.001135
0.000694
0.000678
0.000684
0.000674
0.000678
0.000955
0.000678
0.000683
0.000673
0.001249
0.000701
0.001229
0.000725
0.000677
0.000705
0.001484
0.000718
0.001557
0.000750
0.000690
0.001290
0.000709
0.001103
0.000720
0.000697
0.000695
0.000722
0.000673
0.000958
0.000673
0.000875
0.000712
0.001076
0.000716
0.001033
0.001926
0.000699
0.001430
0.000775
0.000695
0.000778
0.000692
0.000921
0.000699
0.001061
0.000745
0.000711
0.001341
0.000744
0.001346
0.000678
0.001265
0.000805
0.001360
0.000687
0.000693
0.000942
0.000690
0.001062
0.000705
0.000691
0.001186
0.000731
0.001745
0.000711
0.001513
0.000697
0.000683
0.000697
0.001283
0.000718
0.001033
0.000739
0.000687
0.001042
0.000678
0.000699
0.000987
0.000697
0.001088
0.000683
0.001210
0.000792
0.001250
0.000684
0.001110
0.000714
0.000690
0.000695
0.000934
0.000674
0.001074
0.000711
0.001106
0.000765
0.001198
0.000726
0.000684
0.000847
0.000696
0.000705
0.001200
0.000694
0.000690
0.001063
0.000677
0.001055
0.000674
0.001247
0.000686
0.000695
0.000678
0.000907
0.000678
0.000694
0.000677
0.000674
0.000680
0.000678
0.000693
0.000705
0.000713
0.000696
0.001261
0.000699
0.001222
0.000684
0.001498
0.000691
0.000673
0.000701
0.000938
0.000710
0.001059
0.000700
0.001091
0.000684
0.000685
0.000695
0.001243
0.000687
0.000707
0.000680
0.000687
0.000669
0.000685
0.001378
0.000745
0.000698
0.000701
0.000675
0.000879
0.001060
0.000723
0.000711
0.000703
0.000696
0.000672
0.000703
0.000671
0.000697
0.000930
0.000678
0.001055
0.000686
0.000698
0.000957
0.000699
0.001058
0.000772
0.000739
0.000674
0.001998
0.000694
0.000712
0.000890
0.001381
0.000684
0.000679
0.000677
0.001440
0.000892
0.000672
0.000691
0.000755
0.001421
0.001226
0.000684
0.000964
0.001096
0.000718
0.000692
0.000702
0.000682
0.000711
0.000681
0.000966
0.000683
0.000702
0.000681
0.000699
0.000680
0.000671
0.000832
0.000725
0.001359
0.000705
0.000928
0.001414
0.000693
0.001402
0.001335
0.001406
0.000685
0.000879
0.001361
0.000683
0.000870
0.001210
0.001329
0.000890
0.001005
0.000681
0.001264
0.001082
0.000680
0.001456
0.000688
0.001276
0.000687
0.000698
0.000672
0.000703
0.001725
0.000697
0.000678
0.000681
0.000682
0.000783
0.000683
0.001227
0.000680
0.000675
0.000687
0.001325
0.000688
0.000850
0.000829
0.000709
0.001396
0.001598
0.001067
0.001044
0.000732
0.001064
0.000746
0.001367
0.001193
0.001158
0.001306
0.000983
0.001311
0.001005
0.000693
0.000694
0.000684
0.000721
0.001051
0.000695
0.000694
0.000676
0.000698
0.000691
0.000677
0.000673
0.000707
0.000679
0.000684
0.001253
0.001324
0.000675
0.000705
0.000685
0.000702
0.000686
0.000676
0.000695
0.000674
0.000724
0.000675
0.000716
0.000674
0.000680
0.000681
0.000676
0.001006
0.000881
0.000733
0.000674
0.000702
0.000676
0.000692
0.000675
0.000670
0.001341
0.000742
0.000713
0.000671
0.000692
0.000679
0.000704
0.000681
0.000700
0.000679
0.000677
0.000692
0.000675
0.000726
0.000687
0.001052
0.000699
0.000680
0.001508
0.000689
0.001553
0.000676
0.000675
0.000673
0.000680
0.000667
0.001174
0.000704
0.000752
0.000676
0.000696
0.000675
0.000676
0.000693
0.001608
0.000673
0.000719
0.000700
0.000698
0.000674
0.000677
0.000713
0.001489
0.000684
0.000677
0.000677
0.000703
0.000678
0.000673
0.000687
0.000693
0.000679
0.000722
0.000674
0.000674
0.000709
0.000693
0.000677
0.000667
0.000679
0.000675
0.000922
0.000675
0.000679
0.000677
0.000682
0.000698
0.000677
0.000676
0.001043
0.000689
0.000706
0.000690
0.000698
0.000695
0.000712
0.000674
0.000719
0.000674
0.000691
0.000676
0.001101
0.000677
0.000696
0.000691
0.000693
0.000672
0.000694
0.000686
0.000681
0.000693
0.000680
0.000669
0.000678
0.000718
0.000854
0.000725
0.000684
0.000709
0.001506
0.000693
0.000672
0.000702
0.000698
0.000676
0.001703
0.001119
0.000701
0.000676
0.000697
0.000687
0.001372
0.000678
0.000705
0.000677
0.000685
0.000684
0.000723
0.000699
0.000678
0.000702
0.000675
0.000676
0.000695
0.000715
0.000676
0.000671
0.000687
0.000715
0.000885
0.000682
0.000676
0.000691
0.001133
0.000704
0.000680
0.000674
0.000730
0.000695
0.000671
0.000678
0.000718
0.000677
0.000702
0.000672
0.000677
0.000693
0.000691
0.000678
0.000681
0.000717
0.000685
0.000681
0.000683
0.000680
0.000675
0.000702
0.000699
0.000692
0.000688
0.000677
0.000684
0.000687
0.000677
0.000698
0.000678
0.000675
0.000678
0.000681
0.000691
0.000687
0.000679
0.000730
0.000740
0.000696
0.000690
0.000696
0.000674
0.000679
0.000674
0.000708
0.000676
0.000676
0.000679
0.000685
0.000675
0.000676
0.000679
0.000681
0.000676
0.000675
0.000718
0.000670
0.000745
0.000682
0.000723
0.000676
0.000680
0.001704
0.001387
0.000673
0.001803
0.000760
0.000830
0.000685
0.000687
0.000700
0.000698
0.000673
0.000692
0.000679
0.000757
0.000695
0.000692
0.001205
0.000701
0.000676
0.000691
0.000696
0.000707
0.000692
0.000676
0.000678
0.000713
0.000682
0.000680
0.000697
0.000678
0.000710
0.000692
0.000704
0.000681
0.000679
0.000857
0.001206
0.001088
0.000954
0.000677
0.000676
0.000714
0.000689
0.000699
0.000677
0.000681
0.000751
0.000672
0.000676
0.001615
0.000677
0.000695
0.001432
0.000685
0.000675
0.000677
0.000694
0.000687
0.000722
0.000701
0.000677
0.000680
0.000701
0.000716
0.000715
0.001525
0.000699
0.000690
0.000686
0.000666
0.000686
0.001364
0.000689
0.001527
0.000699
0.000675
0.000698
0.001070
0.000681
0.000698
0.000681
0.000679
0.000770
0.000698
0.000673
0.000679
0.000747
0.000680
0.000678
0.000678
0.000689
0.000679
0.000678
0.000683
0.000722
0.000860
0.000725
0.000697
0.000677
0.000677
0.000672
0.000692
0.000712
0.000682
0.000677
0.000676
0.000689
0.001075
0.000688
0.000701
0.000670
0.000673
0.000678
0.000676
0.000687
0.000688
0.000724
0.000672
0.001005
0.000689
0.000692
0.001290
0.000682
0.000680
0.000677
0.000673
0.000680
0.000699
0.000692
0.001022
0.000695
0.000677
0.000694
0.000690
0.001943
0.001144
0.000763
0.000692
0.001366
0.000675
0.000686
0.000690
0.000677
0.000681
0.001112
0.000697
0.000686
0.000744
0.000679
0.000671
0.000699
0.000698
0.000692
0.000826
0.001039
0.000754
0.000687
0.000713
0.000695
0.000673
0.000676
0.000677
0.001252
0.000698
0.000676
0.000695
0.000716
0.000775
0.000677
0.000720
0.000929
0.001168
0.000700
0.000922
0.000980
0.001126
0.000685
0.001118
0.001198
0.000953
0.000684
0.000990
0.001808
0.000687
0.000680
0.001252
0.000697
0.000706
0.001237
0.000676
0.001071
0.000720
0.000684
0.000852
0.001042
0.000705
0.000680
0.000875
0.000679
0.000712
0.001018
0.000690
0.000687
0.000681
0.000680
0.001672
0.001136
0.000732
0.000693
0.000990
0.000679
0.000774
0.000710
0.002081
0.000911
0.000692
0.000723
0.001178
0.000702
0.000682
0.000684
0.001007
0.000738
0.001139
0.000695
0.000706
0.000678
0.000693
0.000667
0.000718
0.000770
0.000740
0.000697
0.001289
0.001525
0.000683
0.000989
0.000680
0.001242
0.000682
0.000687
0.000674
0.000686
0.001103
0.000730
0.001021
0.000679
0.000682
0.000683
0.000761
0.001048
0.000678
0.001260
0.000701
0.000681
0.000915
0.000699
0.000678
0.000714
0.000682
0.000712
0.000685
0.001002
0.000682
0.000677
0.000727
0.001227
0.000711
0.001079
0.000679
0.000682
0.000693
0.000707
0.000667
0.001097
0.000671
0.000743
0.000698
0.000708
0.000682
0.001438
0.000683
0.001492
0.000808
0.000680
0.000734
0.000696
0.000835
0.000696
0.000831
0.000681
0.000679
0.001946
0.001248
0.001344
0.000691
0.000669
0.000716
0.001759
0.000686
0.001578
0.001430
0.000704
0.000685
0.000673
0.000715
0.000697
0.000702
0.000685
0.000680
0.000683
0.001890
0.000701
0.000689
0.000692
0.000686
0.001669
0.000682
0.000679
0.001052
0.000690
0.001228
0.000690
0.001304
0.000676
0.000706
0.001225
0.000701
0.001243
0.000690
0.001198
0.000729
0.000685
0.001131
0.000679
0.001069
0.000711
0.000691
0.001737
0.000676
0.000721
0.001063
0.000745
0.001147
0.000679
0.001199
0.000703
0.001740
0.002198
0.000716
0.001733
0.000847
0.001465
0.000768
0.001325
0.000690
0.000677
0.000687
0.000693
0.000945
0.000695
0.001087
0.000737
0.000687
0.000715
0.000701
0.001231
0.000685
0.000702
0.001236
0.000680
0.001261
0.000687
0.001244
0.000681
0.000676
0.000696
0.000848
0.001361
0.000702
0.000681
0.000692
0.000798
0.000683
0.000700
0.000680
0.000679
0.000719
0.000692
0.000705
0.000681
0.000674
0.000674
0.000678
0.000698
0.000711
0.000683
0.000688
0.000711
0.000724
0.000682
0.000696
0.000677
0.000683
0.000700
0.000693
0.000679
0.000709
0.000693
0.000744
0.000676
0.000692
0.000677
0.000709
0.000695
0.000678
0.000718
0.000929
0.000676
0.000721
0.001402
0.000694
0.000680
0.000690
0.000704
0.000691
0.000680
0.000714
0.000725
0.000715
0.000676
0.000690
0.000672
0.000691
0.000677
0.000755
0.000674
0.001000
0.000677
0.001116
0.000719
0.000676
0.000689
0.000677
0.001098
0.000681
0.000678
0.000672
0.000748
0.000678
0.000889
0.000676
0.001093
0.000698
0.001239
0.000693
0.000674
0.000690
0.000798
0.002042
0.001097
0.000717
0.000693
0.000707
0.000677
0.000707
0.000677
0.001231
0.000715
0.000680
0.000677
0.000694
0.000696
0.000679
0.000696
0.000674
0.000698
0.000717
0.000712
0.000697
0.000674
0.000681
0.000691
0.000680
0.000681
0.000671
0.000712
0.000701
0.000678
0.000720
0.000702
0.000692
0.000679
0.000884
0.000710
0.000676
0.000675
0.000678
0.000691
0.000690
0.001691
0.000685
0.000715
0.000684
0.000686
0.000704
0.000678
0.000673
0.000681
0.000680
0.000702
0.000688
0.000930
0.000678
0.000688
0.000692
0.000699
0.000678
0.000684
0.000681
0.000680
0.000685
0.000690
0.000719
0.000679
0.000670
0.000680
0.000675
0.000677
0.000679
0.000700
0.000699
0.000678
0.000691
0.000753
0.000682
0.000677
0.000676
0.000703
0.000690
0.000680
0.000689
0.000685
0.000697
0.000682
0.000711
0.000956
0.000713
0.000674
0.000684
0.000683
0.000682
0.000678
0.000689
0.000710
0.000685
0.000703
0.000691
0.000679
0.000896
0.000965
0.000677
0.000730
0.000678
0.000680
0.000751
0.000684
0.000674
0.000676
0.000689
0.000678
0.000694
0.000700
0.000700
0.000681
0.000680
0.000683
0.000706
0.000696
0.000677
0.000708
0.000702
0.000709
0.000675
0.000676
0.000687
0.000679
0.000681
0.000678
0.000691
0.000685
0.000755
0.000682
0.000677
0.000677
0.000681
0.000669
0.000670
0.000704
0.000684
0.001585
0.001091
0.000687
0.000702
0.000688
0.000676
0.000694
0.000683
0.000671
0.000709
0.000678
0.000684
0.000676
0.000698
0.000692
0.000725
0.000692
0.000703
0.000703
0.000677
0.000680
0.000677
0.000677
0.000680
0.000709
0.000731
0.000727
0.000670
0.000716
0.000690
0.000700
0.000674
0.000672
0.000683
0.000690
0.000670
0.000688
0.000680
0.000679
0.001713
0.000678
0.000684
0.000712
0.000673
0.000695
0.000691
0.000822
0.000693
0.000723
0.000679
0.000715
0.000772
0.000681
0.000672
0.001139
0.000681
0.000677
0.001240
0.000716
0.000697
0.000679
0.001832
0.000714
0.000699
0.000699
0.000682
0.000755
0.000678
0.000708
0.001622
