0.000377
0.000358
0.000420
0.000361
0.000362
0.000357
0.000364
0.000367
0.000377
0.000376
0.000358
0.000361
0.000375
0.000359
0.000358
0.000378
0.000354
0.000356
0.000369
0.000372
0.000371
0.000372
0.000366
0.001078
0.000357
0.000362
0.000356
0.000361
0.000357
0.000361
0.000366
0.000357
0.000363
0.000361
0.000360
0.000367
0.000359
0.000357
0.000357
0.000361
0.000358
0.000358
0.000356
0.000356
0.000361
0.000369
0.000363
0.000369
0.000356
0.000363
0.000390
0.000357
0.000357
0.000382
0.000360
0.000370
0.000358
0.000373
0.000360
0.000359
0.000385
0.000372
0.000356
0.000372
0.000731
0.000357
0.000365
0.000362
0.000357
0.000692
0.000355
0.000408
0.000367
0.000829
0.000358
0.000357
0.000387
0.000357
0.000357
0.000367
0.000357
0.000362
0.000357
0.000452
0.000370
0.000360
0.000358
0.000355
0.000375
0.000357
0.000363
0.000366
0.000359
0.000706
0.000358
0.000372
0.000370
0.000362
0.000377
0.000359
0.000367
0.000367
0.000806
0.000359
0.000370
0.000417
0.000358
0.000362
0.000359
0.000357
0.000359
0.000353
0.000372
0.000354
0.000356
0.000352
0.000358
0.000373
0.000358
0.000356
0.000357
0.000376
0.000369
0.000363
0.000359
0.000358
0.000358
0.000369
0.000362
0.000360
0.000357
0.000356
0.000385
0.000348
0.000369
0.000361
0.000821
0.000501
0.000827
0.000356
0.000376
0.001064
0.000360
0.000367
0.000385
0.000372
0.000369
0.000358
0.000363
0.000368
0.000801
0.000372
0.000367
0.000358
0.000635
0.000868
0.000735
0.001021
0.000549
0.000842
0.000358
0.000383
0.000366
0.000377
0.000779
0.000503
0.000806
0.000804
0.000361
0.000810
0.000847
0.000461
0.000364
0.000456
0.000362
0.000613
0.000803
0.000938
0.000359
0.000727
0.000655
0.000805
0.000607
0.000360
0.000699
0.000361
0.000805
0.000361
0.000382
0.000360
0.000358
0.000360
0.000357
0.000557
0.000754
0.001035
0.000853
0.000360
0.000629
0.000682
0.000371
0.000376
0.000358
0.000376
0.000363
0.000622
0.000814
0.000490
0.000360
0.000929
0.000363
0.000953
0.000459
0.000361
0.000362
0.000360
0.000369
0.000365
0.001056
0.000359
0.000410
0.000822
0.000373
0.000375
0.000358
0.000380
0.000956
0.000470
0.000833
0.001032
0.000376
0.000368
0.000361
0.000632
0.000409
0.000371
0.000369
0.000357
0.000358
0.000725
0.000369
0.000368
0.000493
0.000372
0.000362
0.000374
0.000362
0.000668
0.000497
0.000901
0.000500
0.000364
0.001070
0.000522
0.000858
0.000531
0.000901
0.000366
0.000380
0.000363
0.000360
0.000673
0.000711
0.000698
0.000364
0.000588
0.000361
0.000721
0.000801
0.000635
0.001107
0.000362
0.000373
0.000365
0.001060
0.000372
0.000642
0.000644
0.000362
0.000775
0.000572
0.001030
0.000828
0.000370
0.000795
0.000902
0.000392
0.000369
0.000866
0.000357
0.000371
0.000356
0.000362
0.000361
0.000359
0.000371
0.000358
0.000369
0.000358
0.000806
0.000993
0.000382
0.000820
0.000358
0.000365
0.000361
0.000359
0.000600
0.000367
0.000699
0.000795
0.000360
0.000358
0.000361
0.000354
0.000359
0.000652
0.000377
0.000545
0.000362
0.000659
0.000802
0.000364
0.000391
0.000362
0.000358
0.000409
0.000365
0.000366
0.000397
0.000358
0.000363
0.000812
0.000364
0.000357
0.000380
0.000418
0.000751
0.000777
0.000359
0.000359
0.000359
0.000357
0.000358
0.000366
0.000801
0.000635
0.000371
0.000357
0.000358
0.000361
0.000372
0.000359
0.000373
0.000359
0.000358
0.000383
0.001059
0.000575
0.000358
0.000357
0.000376
0.000988
0.000382
0.000365
0.000370
0.001012
0.000876
0.000849
0.000368
0.001036
0.000454
0.000815
0.000369
0.000375
0.000360
0.000359
0.000394
0.000877
0.000364
0.000367
0.000363
0.001034
0.000364
0.000360
0.000587
0.001093
0.000523
0.000425
0.000959
0.000372
0.000801
0.000605
0.001050
0.000419
0.000361
0.000808
0.000361
0.000361
0.000359
0.000613
0.000363
0.000596
0.000364
0.000729
0.000360
0.000571
0.000413
0.000359
0.000829
0.000375
0.000359
0.000360
0.000358
0.000713
0.000828
0.000579
0.000358
0.000364
0.000361
0.000363
0.000370
0.000412
0.000379
0.000366
0.000437
0.000805
0.000363
0.000378
0.000848
0.000526
0.000359
0.000373
0.000364
0.000772
0.000361
0.000376
0.000358
0.000370
0.000365
0.000464
0.000489
0.000361
0.000360
0.000354
0.000372
0.000359
0.000373
0.000358
0.000353
0.000356
0.000537
0.000801
0.000363
0.000365
0.000362
0.000843
0.000473
0.000452
0.000724
0.000357
0.000380
0.000376
0.000854
0.000368
0.000423
0.000361
0.000438
0.000365
0.000433
0.000372
0.000387
0.000766
0.000525
0.000820
0.000376
0.000363
0.000403
0.000366
0.000371
0.000378
0.000368
0.000382
0.000365
0.000364
0.001041
0.000531
0.000810
0.000365
0.000419
0.000362
0.000364
0.001020
0.000514
0.000816
0.000403
0.000359
0.000376
0.000372
0.000363
0.000358
0.000376
0.000380
0.000364
0.000844
0.000360
0.000368
0.000367
0.000359
0.000364
0.000464
0.000394
0.000357
0.000363
0.000447
0.000781
0.000359
0.000357
0.000372
0.000656
0.000979
0.000381
0.000801
0.000359
0.000377
0.000434
0.000557
0.000365
0.000771
0.000371
0.000786
0.000363
0.000364
0.000359
0.000361
0.000575
0.000455
0.000923
0.000397
0.000365
0.000381
0.000373
0.000360
0.000359
0.000834
0.000370
0.000405
0.000426
0.000358
0.000410
0.000363
0.000369
0.000404
0.000374
0.000371
0.000364
0.000359
0.000365
0.000398
0.000377
0.000362
0.000394
0.000371
0.000375
0.000378
0.000360
0.000363
0.000724
0.000360
0.000513
0.000362
0.000707
0.000623
0.000372
0.000799
0.000485
0.000397
0.000822
0.001114
0.000817
0.000365
0.000361
0.000988
0.000832
0.001065
0.000361
0.000358
0.000742
0.000830
0.000359
0.000644
0.000371
0.000385
0.000365
0.000361
0.000371
0.000368
0.000362
0.000375
0.000632
0.000520
0.000356
0.000383
0.000363
0.000359
0.000369
0.000362
0.000358
0.000381
0.000357
0.000366
0.000651
0.000363
0.000375
0.000364
0.000359
0.000375
0.000355
0.000359
0.000370
0.000360
0.000378
0.000374
0.000362
0.000401
0.000359
0.000890
0.000359
0.000364
0.000360
0.000358
0.000741
0.000360
0.000358
0.000804
0.000354
0.000369
0.000367
0.000358
0.000358
0.000359
0.000361
0.000743
0.000425
0.000359
0.000364
0.000360
0.000778
0.000379
0.000490
0.000365
0.000803
0.000436
0.000805
0.000359
0.000367
0.000467
0.000366
0.000372
0.000858
0.000358
0.000381
0.000360
0.000359
0.000362
0.000530
0.000369
0.000358
0.000860
0.000358
0.000358
0.000377
0.000361
0.000365
0.000595
0.000361
0.000359
0.000615
0.000393
0.000586
0.000360
0.000363
0.000362
0.000408
0.000357
0.000361
0.000362
0.000359
0.000364
0.000359
0.000360
0.000365
0.000361
0.000399
0.000583
0.000802
0.000441
0.000365
0.000618
0.000360
0.000481
0.000363
0.000377
0.001200
0.000366
0.000361
0.000374
0.000376
0.000360
0.000362
0.000359
0.000598
0.000437
0.000360
0.001030
0.000371
0.000376
0.000363
0.000905
0.000779
0.000361
0.000367
0.000373
0.000358
0.000358
0.000357
0.000359
0.000359
0.000360
0.000368
0.000362
0.000358
0.000359
0.000356
0.000367
0.000361
0.000358
0.000356
0.000396
0.000366
0.000366
0.000373
0.000357
0.000368
0.000357
0.000362
0.000362
0.000368
0.000614
0.000358
0.000356
0.000354
0.000359
0.000357
0.000360
0.000360
0.000374
0.000354
0.000367
0.000674
0.000359
0.000357
0.000370
0.000363
0.000357
0.000367
0.000374
0.000376
0.000363
0.000357
0.000369
0.000365
0.000372
0.000358
0.000814
0.000370
0.000364
0.000361
0.000355
0.000363
0.000355
0.000357
0.000703
0.000363
0.000357
0.000360
0.000370
0.000358
0.000355
0.000375
0.000361
0.000370
0.000386
0.000360
0.000368
0.000358
0.000366
0.000359
0.000364
0.000372
0.000359
0.000374
0.000356
0.000368
0.000386
0.000356
0.000359
0.000376
0.000380
0.000362
0.000369
0.000367
0.000370
0.000377
0.000360
0.000356
0.000356
0.000361
0.000354
0.000361
0.000357
0.000364
0.000368
0.000358
0.000362
0.000356
0.000359
0.000364
0.000361
0.000811
0.000700
0.000367
0.000370
0.000371
0.000363
0.000355
0.000377
0.000355
0.000368
0.000374
0.000385
0.000370
0.000362
0.000363
0.000375
0.000379
0.000359
0.000356
0.000369
0.000361
0.000358
0.000372
0.000367
0.000362
0.000802
0.000812
0.000361
0.000357
0.000355
0.000362
0.000368
0.000407
0.000369
0.000370
0.000361
0.000366
0.000377
0.000358
0.000359
0.000359
0.000357
0.000357
0.000358
0.000387
0.000359
0.000363
0.000385
0.000361
0.000368
0.000360
0.000367
0.000368
0.000360
0.000369
0.000358
0.000357
0.000358
0.000372
0.000358
0.000368
0.000370
0.000354
0.000372
0.000368
0.000359
0.000375
0.000361
0.000358
0.000369
0.000362
0.000377
0.000370
0.000367
0.000417
0.000376
0.000373
0.000361
0.000357
0.000356
0.000354
0.000373
0.000376
0.000367
0.000358
0.000358
0.000361
0.000359
0.000368
0.000368
0.000358
0.000362
0.000358
0.000360
0.000358
0.000360
0.000358
0.000367
0.000358
0.000359
0.000371
0.000358
0.000373
0.000363
0.000360
0.000390
0.000361
0.000360
0.000384
0.000369
0.000951
0.000365
0.000360
0.000379
0.000370
0.000402
0.000357
0.000354
0.000375
0.000360
0.000359
0.000518
0.000360
0.000715
0.000358
0.000369
0.000605
0.000371
0.000359
0.000357
0.000357
0.000365
0.000370
0.000360
0.000361
0.000361
0.000359
0.000359
0.000368
0.000357
0.000353
0.000358
0.000356
0.000360
0.000359
0.000370
0.000803
0.000659
0.000359
0.000358
0.000363
0.000382
0.000380
0.000376
0.000359
0.000399
0.000359
0.000357
0.000379
0.000356
0.000369
0.000358
0.000373
0.000358
0.000368
0.000356
0.000373
0.000368
0.000362
0.000366
0.000361
0.000400
0.000359
0.000357
0.000384
0.000359
0.000361
0.000390
0.000371
0.000380
0.000592
0.000804
0.000462
0.000838
0.000606
0.000371
0.000356
0.000369
0.000372
0.000530
0.000385
0.000364
0.000371
0.000359
0.000358
0.000360
0.000380
0.000360
0.000358
0.000390
0.000564
0.001057
0.000704
0.000806
0.000376
0.000359
0.000626
0.000366
0.000671
0.000365
0.000363
0.000389
0.000383
0.000433
0.000364
0.000369
0.000686
0.000870
0.000403
0.000381
0.000362
0.000360
0.000359
0.000360
0.000358
0.000371
0.000362
0.000361
0.001028
0.000362
0.000364
0.000372
0.000357
0.000358
0.000357
0.000358
0.000367
0.000362
0.000362
0.000362
0.000428
0.000379
0.000370
0.000362
0.000367
0.000356
0.000355
0.000392
0.000361
0.000370
0.000383
0.000366
0.000362
0.000369
0.000518
0.000364
0.001039
0.000457
0.000606
0.000820
0.000359
0.000362
0.000507
0.000657
0.000366
0.000360
0.000361
0.000753
0.000821
0.000461
0.000806
0.000363
0.000702
0.000376
0.000972
0.000989
0.000925
0.000360
0.000359
0.000638
0.000364
0.000438
0.000813
0.000878
0.000364
0.000669
0.000367
0.001094
0.000360
0.000760
0.000845
0.000812
0.000366
0.000500
0.000977
0.000373
0.000362
0.000376
0.000360
0.000358
0.000454
0.000633
0.000828
0.000365
0.000659
0.000359
0.000363
0.000371
0.000361
0.000687
0.000377
0.000375
0.000360
0.001113
0.000367
0.000830
0.000375
0.000362
0.000363
0.000366
0.000582
0.000380
0.000360
0.001032
0.000375
0.000369
0.000397
0.000799
0.000358
0.000366
0.000385
0.000377
0.000377
0.000648
0.000357
0.000368
0.000752
0.000375
0.000825
0.000867
0.000498
0.000362
0.000359
0.000358
0.000379
0.000358
0.000360
0.000388
0.000817
0.000391
0.000359
0.000364
0.000381
0.000358
0.000362
0.000380
0.000359
0.000388
0.000376
0.001033
0.000360
0.000642
0.000756
0.000363
0.000386
0.000359
0.000375
0.000371
0.000359
0.000362
0.000489
0.000360
0.000359
0.000364
0.000359
0.000917
0.000355
0.000363
0.000722
0.000667
0.000364
0.000363
0.000361
0.001073
0.000363
0.000885
0.000507
0.000442
0.000806
0.000538
0.000833
0.000834
0.000363
0.000581
0.000366
0.000372
0.000367
0.000654
0.000588
0.000360
0.000360
0.000361
0.000360
0.000358
0.000620
0.000363
0.000573
0.000824
0.000826
0.000362
0.000669
0.000476
0.001033
0.000858
0.000393
0.000362
0.000756
0.000880
0.000361
0.000364
0.001053
0.000828
0.000364
0.000594
0.000423
0.000369
0.000763
0.000370
0.000360
0.000381
0.000974
0.000475
0.000372
0.000363
0.000819
0.000478
0.000400
0.000493
0.000362
0.000564
0.000362
0.000362
0.000811
0.000365
0.000363
0.000373
0.000365
0.000361
0.000370
0.000361
0.000355
0.000359
0.000360
0.000361
0.000360
0.000375
0.000380
0.000367
0.000364
0.000359
0.000376
0.000361
0.000361
0.000396
0.000360
0.000358
0.000367
0.000421
0.000818
0.000362
0.000808
0.000362
0.000360
0.000358
0.000357
0.000562
0.000377
0.000436
0.000363
0.000371
0.000374
0.000685
0.000453
0.000359
0.000585
0.000365
0.000478
0.000370
0.000366
0.000365
0.000358
0.000361
0.000366
0.000507
0.000364
0.000697
0.000598
0.000374
0.000363
0.000361
0.000357
0.000670
0.001066
0.000504
0.000837
0.000460
0.000362
0.000368
0.000358
0.000376
0.000375
0.000359
0.000368
0.000360
0.000372
0.000669
0.000366
0.000361
0.000368
0.000354
0.000368
0.000372
0.000359
0.000367
0.000554
0.000362
0.000571
0.000990
0.000428
0.000406
0.000370
0.000361
0.000442
0.000362
0.000411
0.000721
0.000567
0.000359
0.000716
0.000378
0.000703
0.000499
0.000385
0.000928
0.000567
0.000356
0.000380
0.000355
0.000393
0.000690
0.000364
0.000360
0.000393
0.000361
0.000680
0.001029
0.000376
0.000374
0.000377
0.000360
0.000381
0.000805
0.000378
0.000362
0.000360
0.000360
0.000360
0.000372
0.000359
0.000358
0.000368
0.000380
0.000643
0.001014
0.000652
0.000366
0.000357
0.000357
0.000358
0.000359
0.000359
0.000371
0.000815
0.000361
0.000451
0.000408
0.000363
0.000365
0.000377
0.000361
0.000360
0.000361
0.000815
0.000361
0.000485
0.000365
0.000357
0.000386
0.000359
0.000367
0.000358
0.000442
0.000566
0.000845
0.000373
0.000687
0.000647
0.000738
0.000381
0.000364
0.000359
0.000358
0.000813
0.000371
0.000382
0.000812
0.000377
0.000367
0.000643
0.001003
0.000366
0.000367
0.000529
0.000362
0.000360
0.000360
0.000703
0.000823
0.000812
0.000863
0.000546
0.000364
0.000691
0.001053
0.000375
0.000596
0.000796
0.000636
0.000359
0.000794
0.000378
0.000447
0.000987
0.000525
0.000811
0.000367
0.000361
0.000730
0.000818
0.000489
0.000362
0.000920
0.000809
0.000366
0.000565
0.000362
0.000368
0.000360
0.000369
0.000362
0.000361
0.000380
0.000468
0.000401
0.000359
0.000374
0.000371
0.000369
0.000365
0.000357
0.000360
0.000832
0.000361
0.000361
0.001040
0.000596
0.000425
0.000822
0.000385
0.000365
0.001109
0.000513
0.000374
0.000390
0.000501
0.001038
0.001048
0.000377
0.000370
0.000640
0.000381
0.000513
0.000367
0.001035
0.000964
0.000360
0.000514
0.000361
0.000375
0.000364
0.000802
0.000374
0.000803
0.000449
0.000354
0.000852
0.000802
0.000374
0.000818
0.000365
0.000458
0.000647
0.000362
0.000359
0.000358
0.000356
0.000657
0.000359
0.000375
0.000382
0.000366
0.000372
0.000361
0.000357
0.000361
0.001003
0.000409
0.000364
0.000361
0.000739
0.000362
0.000359
0.000510
0.000362
0.000361
0.000805
0.000617
0.000385
0.000362
0.000643
0.000833
0.000739
0.000358
0.000802
0.000363
0.000777
0.000830
0.000845
0.000612
0.000386
0.000364
0.000376
0.000359
0.000364
0.000365
0.000361
0.000362
0.000364
0.000359
0.000359
0.000358
0.000368
0.000569
0.000367
0.000994
0.000880
0.000406
0.000398
0.000370
0.000697
0.000945
0.000373
0.000377
0.000803
0.000363
0.000361
0.000360
0.000361
0.000368
0.000357
0.000366
0.000368
0.000821
0.001270
0.000371
0.000368
0.000381
0.000366
0.000359
0.000364
0.000372
0.000486
0.000366
0.000596
0.001061
0.000430
0.000371
0.000663
0.000357
0.000361
0.000366
0.000546
0.001058
0.000359
0.000659
0.000817
0.000351
0.000373
0.000382
0.000359
0.000372
0.000376
0.000499
0.000360
0.000365
0.000823
0.001333
0.000375
0.000365
0.001014
0.001031
0.000966
0.000385
0.000394
0.000362
0.000374
0.000381
0.000368
0.000411
0.000924
0.000360
0.000446
0.000388
0.000366
0.000372
0.000365
0.000378
0.000373
0.000365
0.000408
0.000488
0.001306
0.000380
0.000375
0.000361
0.000372
0.000579
0.000359
0.000359
0.000371
0.000636
0.000491
0.000838
0.000362
0.000711
0.000826
0.000359
0.000588
0.000756
0.000505
0.000752
0.000835
0.000362
0.000358
0.000374
0.000609
0.000361
0.000359
0.000370
0.000363
0.000377
0.000731
0.000371
0.000359
0.000359
0.000370
0.001350
0.000364
0.000674
0.000361
0.000362
0.000361
0.000357
0.000650
0.000360
0.000362
0.000400
0.000820
0.000367
0.000463
0.000933
0.000509
0.000478
0.000829
0.000553
0.000361
0.000361
0.000528
0.000360
0.000539
0.000374
0.000548
0.000528
0.001013
0.000380
0.000361
0.000884
0.000360
0.000363
0.000365
0.000547
0.000360
0.000632
0.000373
0.000492
0.000390
0.000453
0.000493
0.000810
0.000454
0.000361
0.000373
0.000357
0.000363
0.000359
0.000359
0.000362
0.000360
0.000525
0.000510
0.000761
0.000360
0.000365
0.000372
0.000377
0.000357
0.000364
0.000399
0.000602
0.000383
0.000364
0.000389
0.000807
0.000391
0.000364
0.000544
0.000453
0.000369
0.000366
0.000366
0.000358
0.000419
0.000362
0.000405
0.000756
0.000818
0.000370
0.000391
0.000362
0.000362
0.000382
0.000370
0.000357
0.000388
0.000358
0.000394
0.000406
0.000359
0.000362
0.000361
0.000365
0.000401
0.000822
0.000375
0.000364
0.000540
0.000364
0.000380
0.000376
0.000358
0.000369
0.000357
0.000363
0.000827
0.000381
0.000359
0.000370
0.000810
0.000373
0.000362
0.000363
0.000359
0.000358
0.000390
0.000362
0.000392
0.000362
0.000361
0.000389
0.000365
0.000626
0.000364
0.000828
0.000364
0.000377
0.000361
0.001116
0.000364
0.000395
0.000870
0.000392
0.000365
0.001062
0.000365
0.000363
0.000373
0.000357
0.000636
0.000360
0.000362
0.000804
0.000385
0.000359
0.000360
0.000831
0.000361
0.000364
0.000371
0.000361
0.000370
0.000399
0.000366
0.000366
0.000360
0.000499
0.000358
0.000363
0.000359
0.000398
0.000366
0.000971
0.000361
0.000365
0.000373
0.000371
0.000548
0.000359
0.000364
0.000358
0.000356
0.000804
0.000367
0.000375
0.000356
0.000372
0.000372
0.000373
0.000358
0.000353
0.000365
0.000379
0.000424
0.000361
0.000373
0.000360
0.000357
0.000359
0.000398
0.000812
0.000386
0.000362
0.000369
0.000371
0.000365
0.000359
0.000360
0.000360
0.000361
0.000383
0.000360
0.000371
0.000357
0.000814
0.000385
0.000370
0.000359
0.000358
0.000359
0.000360
0.000384
0.000360
0.000356
0.000405
0.000361
0.000439
0.000895
0.000808
0.000364
0.000375
0.000368
0.000357
0.000360
0.000463
0.000509
0.000804
0.000432
0.000640
0.000576
0.000365
0.000377
0.000358
0.000369
0.000354
0.000364
0.000365
0.000388
0.000364
0.000360
0.000359
0.000450
0.000855
0.000369
0.000385
0.000419
0.000583
0.000361
0.000383
0.000373
0.000355
0.000455
0.000444
0.000363
0.000499
0.000402
0.000375
0.000634
0.000358
0.000370
0.000365
0.000369
0.000357
0.000368
0.000360
0.000397
0.000377
0.000359
0.000367
0.000366
0.000359
0.000359
0.000368
0.000359
0.000358
0.000359
0.000356
0.000463
0.000364
0.000361
0.000809
0.000375
0.000375
0.000358
0.000358
0.000376
0.000376
0.000354
0.000454
0.000368
0.000395
0.000360
0.000385
