0.000736
0.000771
0.000730
0.000749
0.000952
0.000759
0.001111
0.001470
0.001243
0.001156
0.000736
0.001306
0.001071
0.000762
0.000757
0.000911
0.000732
0.001241
0.000744
0.000729
0.000733
0.000852
0.000748
0.001132
0.000732
0.002179
0.000729
0.000749
0.001192
0.001349
0.000725
0.000889
0.000749
0.000747
0.000729
0.000777
0.002169
0.000955
0.000739
0.001381
0.000735
0.000867
0.001069
0.000764
0.001404
0.000761
0.000794
0.001119
0.001226
0.000738
0.001034
0.000771
0.001089
0.001213
0.001508
0.000732
0.001024
0.001049
0.000728
0.001413
0.001177
0.001099
0.000753
0.001055
0.001430
0.000747
0.001045
0.000747
0.001301
0.001238
0.000729
0.001057
0.000728
0.001325
0.000849
0.001053
0.001344
0.000725
0.001086
0.000756
0.001394
0.000761
0.000736
0.000772
0.000730
0.001318
0.000888
0.001410
0.000748
0.001398
0.001261
0.000806
0.001029
0.000782
0.001253
0.000735
0.001294
0.000824
0.001023
0.000735
0.001063
0.001182
0.001214
0.000737
0.000780
0.001005
0.000733
0.000969
0.000731
0.000733
0.001051
0.001011
0.000757
0.000728
0.000742
0.000759
0.001319
0.000746
0.001320
0.000748
0.001237
0.000736
0.000740
0.000767
0.001439
0.000880
0.000730
0.001128
0.000750
0.001233
0.000742
0.000746
0.000791
0.001440
0.000745
0.001092
0.000749
0.001060
0.001271
0.001637
0.000738
0.000756
0.001069
0.000755
0.001093
0.000735
0.000731
0.001030
0.000756
0.001060
0.000759
0.001136
0.000748
0.000790
0.000747
0.000729
0.000732
0.000821
0.001074
0.001330
0.001014
0.000731
0.001051
0.000747
0.001415
0.000975
0.001031
0.001062
0.000773
0.001291
0.000902
0.001150
0.002125
0.000756
0.000752
0.001209
0.000732
0.001323
0.000732
0.000735
0.000751
0.000762
0.000730
0.001271
0.000908
0.001295
0.001659
0.000755
0.000749
0.000731
0.000758
0.000777
0.000732
0.001030
0.001095
0.000734
0.000732
0.000763
0.000738
0.001008
0.000746
0.001464
0.001199
0.001285
0.000733
0.000748
0.001123
0.001182
0.000762
0.000737
0.000769
0.001121
0.000746
0.001295
0.000858
0.001324
0.001119
0.001419
0.001261
0.001113
0.000727
0.001098
0.000759
0.001345
0.000734
0.001008
0.000724
0.001443
0.001246
0.000745
0.001005
0.000732
0.001048
0.000770
0.001071
0.000918
0.001084
0.000744
0.001142
0.001333
0.001042
0.000810
0.001441
0.001285
0.000751
0.001403
0.000814
0.001057
0.000978
0.000780
0.000957
0.001183
0.000729
0.001067
0.000766
0.000731
0.000753
0.000753
0.000759
0.000746
0.000748
0.000815
0.000734
0.000731
0.001081
0.000759
0.001136
0.000732
0.000738
0.000731
0.000748
0.000756
0.000772
0.000734
0.000991
0.000754
0.001095
0.000757
0.000757
0.000753
0.000734
0.000999
0.000730
0.001417
0.000737
0.001156
0.000781
0.000752
0.000759
0.000906
0.000731
0.000731
0.001347
0.000773
0.001156
0.000742
0.001113
0.000757
0.000729
0.002057
0.000741
0.000751
0.001425
0.000749
0.000747
0.000748
0.000728
0.000729
0.000735
0.001271
0.000748
0.000732
0.001417
0.000733
0.001104
0.000749
0.000732
0.000822
0.000822
0.001416
0.001673
0.000755
0.000756
0.001113
0.000773
0.001070
0.000740
0.001158
0.000949
0.001432
0.001481
0.000730
0.000740
0.000730
0.001209
0.000747
0.000794
0.001031
0.000729
0.000747
0.001411
0.000735
0.001040
0.000745
0.001321
0.000730
0.000752
0.000731
0.000730
0.000727
0.000749
0.000730
0.000744
0.001193
0.001078
0.000762
0.000730
0.000736
0.000783
0.000755
0.000733
0.000754
0.001109
0.001089
0.000744
0.000739
0.000750
0.001433
0.000736
0.000728
0.000730
0.000734
0.001457
0.000792
0.000752
0.000914
0.001054
0.000731
0.000731
0.000809
0.000746
0.001102
0.000733
0.001463
0.000746
0.000731
0.000733
0.000733
0.001064
0.000769
0.001142
0.000747
0.001436
0.000915
0.001249
0.000728
0.000743
0.001211
0.000730
0.001050
0.001307
0.000762
0.001035
0.001515
0.000755
0.000952
0.000730
0.001111
0.000749
0.001111
0.000754
0.001128
0.000804
0.001058
0.001256
0.001639
0.000730
0.000862
0.001212
0.000745
0.000765
0.001442
0.001458
0.001104
0.000732
0.000956
0.000789
0.001319
0.000751
0.000831
0.001243
0.000784
0.001424
0.001221
0.000832
0.000787
0.001179
0.001238
0.000735
0.001025
0.000729
0.000733
0.001176
0.000730
0.000777
0.001440
0.001343
0.001119
0.000732
0.000735
0.001196
0.001177
0.000752
0.000981
0.000755
0.000755
0.001314
0.001413
0.000730
0.000994
0.000736
0.001100
0.000774
0.001114
0.000778
0.001127
0.000746
0.000732
0.001554
0.000754
0.000733
0.000746
0.000763
0.000753
0.000750
0.000846
0.001092
0.000745
0.001039
0.000791
0.000741
0.000727
0.000747
0.000968
0.000749
0.000755
0.001157
0.000765
0.000755
0.000768
0.000758
0.000745
0.000762
0.000745
0.000765
0.000731
0.000791
0.001361
0.000738
0.001152
0.000731
0.000727
0.000759
0.000751
0.000730
0.001446
0.000835
0.000773
0.000733
0.000746
0.000747
0.000734
0.000729
0.000742
0.001372
0.000784
0.000740
0.000785
0.000731
0.000794
0.000749
0.001129
0.000767
0.001137
0.000730
0.001040
0.000750
0.001037
0.000730
0.001055
0.000757
0.000735
0.000824
0.000981
0.000731
0.001249
0.000743
0.001896
0.000731
0.000752
0.002105
0.000967
0.000748
0.001276
0.000731
0.001297
0.000731
0.000747
0.000732
0.000786
0.001309
0.000812
0.001149
0.000730
0.001312
0.000755
0.001309
0.000812
0.001428
0.000961
0.001181
0.000744
0.000732
0.000750
0.000733
0.001279
0.000756
0.001061
0.000734
0.001072
0.000729
0.001309
0.000729
0.001287
0.000841
0.001133
0.000807
0.001504
0.001226
0.000847
0.001415
0.000759
0.001071
0.000749
0.001295
0.000732
0.001313
0.000833
0.001127
0.000759
0.000729
0.001367
0.000736
0.000734
0.000747
0.000869
0.000769
0.000983
0.000770
0.000771
0.000811
0.001335
0.000733
0.001090
0.001176
0.000730
0.000730
0.000747
0.000753
0.000750
0.000730
0.000763
0.000744
0.000730
0.000745
0.001023
0.000746
0.001125
0.000733
0.000750
0.000736
0.000753
0.000734
0.000731
0.001415
0.000793
0.000733
0.000850
0.000805
0.000749
0.000891
0.001008
0.000731
0.000766
0.001102
0.000809
0.000773
0.001016
0.000744
0.001449
0.000745
0.000734
0.000754
0.000737
0.000748
0.001119
0.000796
0.001158
0.000744
0.000749
0.001245
0.000737
0.001140
0.000745
0.001154
0.001474
0.001171
0.000948
0.000983
0.000729
0.001280
0.000882
0.001307
0.000732
0.001089
0.000730
0.001101
0.000768
0.000761
0.001438
0.001460
0.001430
0.000759
0.000727
0.001153
0.001016
0.000729
0.001271
0.000729
0.001192
0.000745
0.001415
0.000813
0.001183
0.001793
0.000733
0.000758
0.001306
0.000732
0.002077
0.000728
0.001597
0.000785
0.000740
0.000747
0.001211
0.000761
0.001318
0.000851
0.001219
0.000751
0.000739
0.000744
0.001279
0.000876
0.001139
0.000754
0.001261
0.000727
0.000750
0.000922
0.000733
0.000779
0.000732
0.000773
0.000941
0.001241
0.001486
0.000733
0.000986
0.000736
0.001018
0.001000
0.001311
0.000728
0.000730
0.001024
0.000759
0.001080
0.000767
0.000771
0.000755
0.000793
0.000733
0.001049
0.000748
0.001453
0.000768
0.000993
0.001235
0.001311
0.000749
0.000912
0.000744
0.000735
0.001125
0.000749
0.001087
0.000779
0.001435
0.001247
0.000765
0.001289
0.000749
0.000732
0.001351
0.000730
0.000750
0.001117
0.001532
0.000784
0.001099
0.000757
0.000994
0.000728
0.001319
0.000732
0.000979
0.000961
0.000924
0.000754
0.000732
0.000764
0.000756
0.001223
0.000910
0.000822
0.000730
0.000784
0.000735
0.000739
0.000736
0.000747
0.000754
0.000731
0.001296
0.000731
0.001081
0.001456
0.000766
0.000742
0.000790
0.000744
0.000755
0.000969
0.000860
0.001342
0.000729
0.000732
0.002149
0.000753
0.000734
0.001186
0.000736
0.000726
0.000772
0.000733
0.001501
0.001073
0.001221
0.001210
0.000738
0.001286
0.001699
0.000741
0.000778
0.000733
0.000907
0.001226
0.000747
0.000734
0.001814
0.000751
0.000725
0.000768
0.000731
0.000959
0.001199
0.000739
0.000756
0.000925
0.000733
0.000731
0.000732
0.001024
0.000728
0.000745
0.000742
0.001002
0.000730
0.000737
0.001065
0.000729
0.000765
0.002403
0.000757
0.000748
0.001069
0.000732
0.000948
0.000750
0.000732
0.000921
0.001038
0.000766
0.001076
0.000733
0.001129
0.000776
0.000918
0.000728
0.000732
0.000744
0.000867
0.000764
0.001303
0.000758
0.001633
0.000745
0.000729
0.001279
0.000732
0.001314
0.000751
0.000738
0.001395
0.000732
0.001144
0.000782
0.001275
0.000748
0.001299
0.000757
0.000734
0.000735
0.001201
0.000739
0.001179
0.001090
0.001563
0.000828
0.001211
0.001198
0.000764
0.001456
0.001178
0.001264
0.000752
0.000734
0.000734
0.001068
0.000762
0.001453
0.000751
0.000731
0.001868
0.000734
0.000729
0.000734
0.001459
0.000844
0.000733
0.001024
0.000747
0.000756
0.000774
0.000735
0.000743
0.000747
0.001061
0.000730
0.001050
0.000780
0.000728
0.000762
0.000731
0.000737
0.001047
0.000734
0.001128
0.000751
0.001113
0.000762
0.001111
0.001262
0.001257
0.000743
0.000734
0.001558
0.000752
0.000750
0.000757
0.000745
0.000728
0.000955
0.000758
0.000758
0.000732
0.000736
0.000753
0.000732
0.000743
0.000728
0.000971
0.000731
0.001320
0.000751
0.000727
0.000734
0.001095
0.001226
0.000749
0.000772
0.000960
0.000751
0.000760
0.000744
0.001470
0.001186
0.000735
0.000767
0.000989
0.000751
0.000766
0.000738
0.001479
0.000751
0.000742
0.000747
0.000764
0.001026
0.001115
0.000748
0.000751
0.000734
0.000746
0.000733
0.000728
0.000732
0.000749
0.001015
0.000750
0.001135
0.000746
0.001108
0.000756
0.000773
0.002004
0.000737
0.000932
0.000731
0.000729
0.000736
0.001257
0.000730
0.000746
0.001068
0.001014
0.000731
0.001100
0.000734
0.001146
0.001267
0.001278
0.000948
0.000774
0.000915
0.001050
0.000764
0.001231
0.001267
0.001396
0.000768
0.001193
0.001247
0.001293
0.000743
0.001213
0.001405
0.000918
0.001219
0.001165
0.000946
0.000739
0.001151
0.001218
0.000733
0.001107
0.001169
0.000751
0.001528
0.000767
0.001897
0.000732
0.000811
0.000798
0.001041
0.001071
0.000749
0.000774
0.001299
0.000735
0.001569
0.001451
0.000772
0.000755
0.001468
0.000759
0.001066
0.001082
0.000733
0.000966
0.000752
0.001072
0.000749
0.000950
0.000750
0.001072
0.000756
0.000967
0.000737
0.001088
0.000814
0.000731
0.000747
0.001158
0.001278
0.000771
0.001109
0.000753
0.000740
0.001603
0.000757
0.000728
0.000738
0.000733
0.000743
0.000861
0.001209
0.000856
0.001105
0.001870
0.000749
0.000927
0.001056
0.000761
0.000738
0.000986
0.000776
0.001315
0.000750
0.000731
0.001222
0.000746
0.000734
0.001132
0.000732
0.001316
0.000760
0.000734
0.000753
0.000749
0.000735
0.001696
0.000766
0.001851
0.000789
0.000928
0.000771
0.000729
0.000769
0.000761
0.000726
0.000731
0.000730
0.001282
0.000974
0.000739
0.000932
0.001166
0.001492
0.001295
0.000750
0.002250
0.000732
0.001194
0.001290
0.001434
0.001536
0.000735
0.000729
0.000779
0.000753
0.000737
0.001466
0.001250
0.000762
0.000952
0.001046
0.000759
0.001099
0.001581
0.000747
0.001335
0.000736
0.000755
0.000768
0.001287
0.001387
0.001936
0.001391
0.000797
0.000734
0.000744
0.000734
0.000739
0.000733
0.000748
0.001412
0.000757
0.000735
0.001008
0.000733
0.000740
0.001298
0.000752
0.001299
0.000761
0.000783
0.001204
0.000740
0.001175
0.001072
0.000749
0.001403
0.000784
0.000732
0.000770
0.001132
0.000745
0.001081
0.000818
0.001083
0.000775
0.000934
0.001006
0.000767
0.000961
0.000751
0.000750
0.000754
0.000733
0.000764
0.000766
0.000772
0.000728
0.001088
0.000774
0.000734
0.000733
0.001038
0.000752
0.000728
0.000739
0.000760
0.000984
0.001230
0.000732
0.001064
0.000759
0.000981
0.000787
0.001142
0.000734
0.001127
0.001471
0.000775
0.001220
0.000889
0.000988
0.000763
0.000952
0.000754
0.000761
0.000763
0.000731
0.000765
0.000733
0.000729
0.000729
0.001039
0.000747
0.001296
0.000729
0.000772
0.000747
0.000734
0.001316
0.000728
0.001296
0.000737
0.000734
0.000773
0.000745
0.000804
0.000735
0.000748
0.000889
0.000787
0.001355
0.000729
0.000747
0.001303
0.001341
0.000757
0.001085
0.000740
0.000729
0.000730
0.000754
0.000793
0.000737
0.000746
0.000750
0.000769
0.000757
0.000738
0.001051
0.000775
0.000895
0.000732
0.000729
0.000737
0.000933
0.000752
0.000733
0.001135
0.000731
0.001265
0.000759
0.001027
0.000750
0.001143
0.000760
0.000755
0.000764
0.000981
0.001188
0.000783
0.000731
0.001107
0.000735
0.000766
0.001921
0.000778
0.000732
0.001285
0.000747
0.000775
0.001359
0.000761
0.000766
0.000779
0.001085
0.000763
0.001042
0.000747
0.000736
0.000777
0.001191
0.000750
0.000768
0.000736
0.000748
0.001045
0.000761
0.000950
0.000734
0.001067
0.000756
0.000744
0.000728
0.000728
0.001034
0.000792
0.000998
0.000765
0.000984
0.000725
0.000820
0.001715
0.000734
0.000732
0.000747
0.001295
0.000867
0.001188
0.000740
0.000736
0.001326
0.000772
0.000776
0.000748
0.000748
0.000785
0.000749
0.001085
0.000735
0.001071
0.000771
0.000755
0.000752
0.000740
0.001387
0.000751
0.000757
0.000728
0.000746
0.000732
0.000729
0.000729
0.001423
0.001279
0.000733
0.000756
0.000891
0.000764
0.000727
0.000737
0.000814
0.000958
0.000757
0.000732
0.000976
0.001246
0.000741
0.001039
0.000755
0.000774
0.001437
0.001457
0.001396
0.000732
0.001291
0.000801
0.001438
0.000876
0.000731
0.000733
0.001133
0.002146
0.001041
0.000729
0.000727
0.000747
0.001420
0.000817
0.000767
0.001353
0.000736
0.001054
0.000736
0.001032
0.000717
0.001119
0.000766
0.001137
0.000732
0.001161
0.000750
0.001114
0.000770
0.001093
0.000809
0.001138
0.000733
0.001128
0.000778
0.001125
0.000781
0.001039
0.000780
0.001106
0.000746
0.001124
0.000749
0.001137
0.000783
0.000729
0.001208
0.000738
0.001072
0.000790
0.000734
0.001251
0.000734
0.001199
0.001301
0.000799
0.001114
0.000764
0.002050
0.000733
0.001472
0.000851
0.001250
0.000801
0.000907
0.001424
0.000916
0.001472
0.000837
0.001192
0.000742
0.000732
0.000758
0.000758
0.001445
0.000732
0.000733
0.000892
0.000735
0.000736
0.001132
0.000734
0.000731
0.000769
0.000754
0.000734
0.001394
0.000771
0.000755
0.000733
0.000726
0.001393
0.001874
0.000848
0.000733
0.000735
0.001056
0.000733
0.001648
0.000763
0.000732
0.000732
0.001033
0.000751
0.001131
0.000777
0.000791
0.000752
0.000733
0.000745
0.000788
0.000734
0.001405
0.000758
0.001009
0.001250
0.001533
0.000872
0.000737
0.000802
0.000746
0.000731
0.001272
0.001826
0.000764
0.000733
0.000757
0.000731
0.000735
0.000733
0.001391
0.000889
0.000753
0.000757
0.001430
0.000906
0.000736
0.000800
0.001243
0.000746
0.000777
0.001095
0.001313
0.000725
0.000743
0.000730
0.000730
0.000757
0.000745
0.000747
0.000738
0.001132
0.000779
0.000740
0.000755
0.001096
0.000837
0.000732
0.000731
0.000732
0.001184
0.000772
0.001958
0.000740
0.000748
0.000731
0.000730
0.000732
0.000768
0.000760
0.000955
0.000726
0.000726
0.000729
0.000728
0.001294
0.000752
0.000732
0.000934
0.000756
0.000754
0.001273
0.000732
0.000732
0.000722
0.000729
0.000791
0.000750
0.000752
0.001174
0.001218
0.000772
0.000729
0.000733
0.000734
0.000774
0.000757
0.000742
0.000971
0.000743
0.000735
0.000778
0.001076
0.000759
0.000736
0.000745
0.000753
0.000733
0.000747
0.000741
0.000748
0.000731
0.000727
0.000748
0.000745
0.000769
0.000753
0.000747
0.000953
0.000752
0.000751
0.000769
0.000731
0.000735
0.000748
0.000756
0.000743
0.000732
0.000730
0.000731
0.000771
0.000731
0.000756
0.000766
0.000762
0.000725
0.000755
0.000749
0.000752
0.000746
0.000729
0.001332
0.001490
0.000730
0.000754
0.001469
0.000748
0.000732
0.000740
0.001145
0.000730
0.000761
0.000735
0.000726
0.000729
0.000753
0.000749
0.000725
0.000729
0.001198
0.000732
0.000725
0.000757
0.000736
0.000729
0.000749
0.000731
0.000742
0.000744
0.000748
0.000737
0.000997
0.000731
0.000735
0.000743
0.000748
0.000728
0.000763
0.000751
0.000749
0.000729
0.000752
0.000746
0.000729
0.000733
0.000750
0.000726
0.000759
0.000746
0.000729
0.000771
0.000744
0.001248
0.000753
0.000729
0.000731
0.000755
0.000731
0.000743
0.000727
0.000743
0.000739
0.000735
0.000729
0.000795
0.001044
0.000734
0.000770
0.002005
0.000757
0.000737
0.000728
0.000754
0.000730
0.000745
0.000733
0.000782
0.000728
0.000752
0.000735
0.000753
0.001661
0.000728
0.000747
0.000745
0.000729
0.000732
0.000743
0.000748
0.000745
0.000758
0.000748
0.000781
0.000748
0.000747
0.000756
0.000754
0.000748
0.000768
0.000765
0.000759
0.000730
0.000730
0.000727
0.000754
0.000728
0.000743
0.000727
0.000730
0.000742
0.000739
0.000846
0.000866
0.000747
0.000742
0.000726
0.000743
0.000764
0.000759
0.000740
0.000748
0.000752
0.000731
0.000728
0.000751
0.000768
0.000728
0.000728
0.000761
0.000757
0.000752
0.000727
0.000725
0.000730
0.000731
0.000729
0.000753
0.000733
0.000727
0.001856
0.001152
0.001090
0.000733
0.000733
0.000733
0.000733
0.000762
0.000735
0.000731
0.000985
0.000752
0.000752
0.000932
0.000732
0.000746
0.000752
0.000762
0.001192
0.000749
0.000766
0.000730
0.000733
0.000721
0.000732
0.000746
0.000966
0.001253
0.000720
0.000761
0.000732
0.000751
0.001390
0.000750
0.000745
0.000760
0.000767
0.000729
0.000732
0.000743
0.000732
0.000750
0.000744
0.000743
0.000751
0.000730
0.000725
0.000728
0.000736
0.000749
0.000732
0.000728
0.000743
0.000795
0.000724
0.000741
0.000727
0.001302
0.001210
0.000729
0.000752
0.000998
0.000768
0.000734
0.000746
0.000752
0.000745
0.000743
0.000781
0.000743
0.000725
0.000729
0.000762
0.000731
0.000747
0.000748
0.000751
0.001911
0.000730
0.000752
0.000734
0.000762
0.000743
0.001157
0.000731
0.000730
0.000737
0.000727
0.000728
0.000734
0.000733
0.000747
0.000732
0.000729
0.000728
0.000748
0.000740
0.000763
0.000730
0.000728
0.000745
0.000728
0.001607
0.000750
0.000747
0.000778
0.000734
0.000735
0.000747
0.000747
0.000732
0.000743
0.000744
0.000728
0.000730
0.000752
0.000745
0.000729
0.000730
0.000734
0.000739
0.000746
0.000732
0.000762
0.000761
0.000741
0.000725
0.000746
0.000760
0.000732
0.000781
0.001334
0.000751
0.000729
0.000747
0.000734
0.000729
0.000737
0.000758
0.000757
0.000732
0.001598
0.000727
0.000834
0.000738
0.001397
0.000732
0.000744
0.000728
0.000732
0.000744
0.000738
0.000733
0.000747
0.000767
0.000729
0.000732
0.000734
0.000734
0.000791
0.000766
0.000748
0.000729
0.000752
0.001139
0.000745
0.000753
0.000715
0.000775
0.000729
0.000725
0.000738
0.000775
0.000734
0.000749
0.000735
0.000728
0.000751
0.000727
0.000745
0.000757
0.000743
0.000728
0.000738
0.001353
0.000730
0.000753
0.000814
0.000749
0.000754
0.000766
0.000725
0.000749
0.001186
0.000727
0.000758
0.000739
0.000756
0.000725
0.001111
0.000747
0.000728
0.001019
0.001361
0.000743
0.000731
0.000727
0.000744
0.000718
0.000727
0.000741
0.000784
0.000767
0.000766
0.000923
0.000751
0.000745
0.000747
0.000727
0.000730
0.000749
0.000769
0.000727
0.000764
0.000724
0.000732
0.000727
0.000725
