0.001026
0.000397
0.000734
0.000427
0.000411
0.000385
0.000388
0.000401
0.000389
0.000386
0.000428
0.000386
0.000384
0.000402
0.000388
0.000383
0.000403
0.000387
0.000390
0.000401
0.000385
0.000383
0.000407
0.000387
0.000382
0.000421
0.000386
0.000417
0.000403
0.000383
0.000386
0.000399
0.000401
0.000397
0.000410
0.000383
0.000387
0.000387
0.000384
0.000395
0.000388
0.000383
0.000389
0.000399
0.000388
0.000383
0.000398
0.000403
0.000385
0.000400
0.000394
0.000397
0.000383
0.000387
0.000387
0.000401
0.000413
0.000398
0.000399
0.000386
0.000405
0.000402
0.000404
0.000384
0.000396
0.000395
0.000383
0.000389
0.000386
0.000387
0.000398
0.000398
0.000388
0.000384
0.000384
0.000393
0.000418
0.000406
0.000384
0.000388
0.000396
0.000390
0.000384
0.000390
0.000405
0.000383
0.000383
0.000388
0.000386
0.000384
0.000387
0.000381
0.000389
0.000388
0.000384
0.000405
0.000464
0.000392
0.000383
0.000796
0.000383
0.000387
0.000392
0.000395
0.000399
0.000397
0.000388
0.000384
0.000388
0.000385
0.000412
0.000387
0.000394
0.000569
0.000385
0.000395
0.001017
0.000389
0.000398
0.000381
0.000533
0.000385
0.000400
0.000397
0.000387
0.000387
0.000412
0.000916
0.000387
0.000384
0.000658
0.000383
0.000439
0.001005
0.000396
0.000401
0.000396
0.000397
0.000386
0.000387
0.000398
0.000439
0.000399
0.000397
0.000403
0.000386
0.000385
0.000408
0.000385
0.000383
0.000386
0.000386
0.000401
0.000428
0.000389
0.000389
0.000406
0.000398
0.000385
0.000882
0.000803
0.000389
0.000387
0.000398
0.000387
0.000386
0.000385
0.000397
0.000863
0.000667
0.000385
0.000387
0.000388
0.000401
0.000409
0.000393
0.000385
0.000397
0.000385
0.000399
0.000384
0.000386
0.000411
0.000388
0.000396
0.000385
0.000424
0.000875
0.000379
0.000385
0.000384
0.000396
0.000406
0.000386
0.000402
0.000401
0.000385
0.000383
0.000386
0.000401
0.000396
0.000387
0.000385
0.000385
0.000417
0.000389
0.001092
0.000397
0.000615
0.000398
0.000397
0.000384
0.000383
0.000385
0.000384
0.000384
0.000383
0.000865
0.000387
0.001125
0.000472
0.000409
0.000397
0.000383
0.000395
0.000863
0.000387
0.000384
0.000386
0.000879
0.000384
0.000389
0.000806
0.000895
0.000388
0.000402
0.000860
0.000384
0.000386
0.000401
0.000382
0.000647
0.000398
0.000384
0.000386
0.000386
0.000402
0.000388
0.000385
0.000387
0.000395
0.000404
0.000385
0.000384
0.000399
0.000385
0.000385
0.000692
0.000389
0.000388
0.000385
0.000557
0.000386
0.000383
0.000386
0.000388
0.000385
0.000386
0.000398
0.000388
0.000401
0.000378
0.000384
0.000386
0.000388
0.000386
0.000816
0.000412
0.000386
0.000384
0.000403
0.000384
0.000383
0.000392
0.000384
0.000398
0.000396
0.000383
0.000385
0.000384
0.000400
0.000385
0.000388
0.000900
0.000401
0.000556
0.000456
0.000384
0.000385
0.000383
0.000387
0.000403
0.000384
0.000395
0.000398
0.000396
0.000384
0.000578
0.000398
0.000384
0.000383
0.000864
0.000521
0.000387
0.000388
0.001954
0.000934
0.000385
0.000402
0.000403
0.000397
0.000386
0.000384
0.000385
0.000386
0.000386
0.000397
0.000390
0.000384
0.000386
0.000384
0.000387
0.000392
0.000384
0.000413
0.000389
0.000385
0.000394
0.000386
0.000404
0.000379
0.000385
0.000382
0.000397
0.000386
0.000385
0.000385
0.000403
0.000388
0.000386
0.000403
0.000387
0.000400
0.000398
0.000386
0.000395
0.000385
0.000385
0.000395
0.000415
0.000398
0.000381
0.000386
0.000466
0.000384
0.000383
0.000397
0.000391
0.000403
0.000384
0.000385
0.000398
0.000383
0.000387
0.000398
0.000388
0.000397
0.000385
0.000399
0.000387
0.000395
0.000400
0.000388
0.000384
0.000399
0.000387
0.000383
0.000388
0.000389
0.000402
0.000384
0.000385
0.000384
0.000387
0.000405
0.000381
0.000393
0.000386
0.000386
0.000385
0.000386
0.000392
0.001051
0.000416
0.000394
0.000383
0.000388
0.000388
0.000414
0.000404
0.000399
0.000388
0.000386
0.000385
0.000384
0.000383
0.000427
0.000403
0.000387
0.000385
0.000384
0.000414
0.000403
0.000388
0.000399
0.000395
0.000385
0.000395
0.000387
0.000384
0.000385
0.000384
0.000396
0.000384
0.000408
0.000405
0.000398
0.000385
0.000383
0.000385
0.000386
0.000413
0.000387
0.000401
0.000387
0.000385
0.000389
0.000393
0.000383
0.000385
0.000387
0.000387
0.000397
0.000389
0.000384
0.000384
0.000384
0.000385
0.000392
0.000382
0.000403
0.000386
0.000398
0.000374
0.000385
0.000402
0.000385
0.000388
0.000385
0.000386
0.000398
0.000388
0.000397
0.000400
0.000383
0.000384
0.000701
0.000388
0.000393
0.000386
0.000632
0.000385
0.000398
0.000384
0.000404
0.000386
0.000403
0.000413
0.000388
0.000390
0.000405
0.000385
0.000405
0.000404
0.000384
0.000388
0.000419
0.000385
0.000385
0.000443
0.000383
0.000392
0.000419
0.000394
0.000384
0.000384
0.000389
0.000387
0.000385
0.000387
0.000385
0.000398
0.000387
0.000384
0.000401
0.000385
0.000391
0.000408
0.000399
0.000397
0.000410
0.000388
0.000384
0.000385
0.000388
0.000385
0.000385
0.000400
0.000399
0.000383
0.000388
0.000418
0.000405
0.000384
0.000384
0.000383
0.000389
0.000399
0.000385
0.000388
0.000403
0.000402
0.000388
0.000384
0.000390
0.000389
0.000381
0.000447
0.000386
0.000388
0.000382
0.000389
0.000405
0.000383
0.000388
0.000398
0.000385
0.000396
0.000382
0.000385
0.000404
0.000396
0.000415
0.000383
0.000388
0.000384
0.000384
0.000423
0.000385
0.000400
0.000387
0.000383
0.000386
0.000395
0.000384
0.000384
0.001040
0.001019
0.000384
0.000383
0.000385
0.000387
0.000387
0.000385
0.000386
0.000384
0.000386
0.000386
0.000390
0.000395
0.000385
0.000398
0.000409
0.000400
0.000387
0.000387
0.000384
0.000381
0.000384
0.000383
0.000385
0.000386
0.000399
0.000387
0.000384
0.000387
0.000384
0.000407
0.000400
0.000385
0.000385
0.000397
0.000383
0.000384
0.000384
0.000409
0.000399
0.000392
0.000387
0.000387
0.000402
0.000400
0.000385
0.000395
0.000394
0.000566
0.000385
0.000401
0.000387
0.000398
0.000383
0.000383
0.000385
0.000457
0.000600
0.000390
0.000398
0.000841
0.000401
0.000384
0.000399
0.000386
0.000386
0.000402
0.000385
0.000401
0.000388
0.000389
0.000432
0.000389
0.000387
0.000386
0.000384
0.000389
0.000397
0.000387
0.000386
0.000397
0.000384
0.000388
0.000386
0.000383
0.000385
0.000407
0.000380
0.000386
0.000384
0.000392
0.000396
0.000841
0.000865
0.000387
0.000396
0.000401
0.000387
0.000388
0.000397
0.000387
0.000388
0.000398
0.000384
0.000401
0.000385
0.000382
0.000388
0.000397
0.000383
0.000388
0.000384
0.000387
0.000385
0.000384
0.000385
0.000430
0.000514
0.000387
0.000384
0.000396
0.000385
0.000385
0.000396
0.000402
0.000382
0.000405
0.000382
0.000425
0.000432
0.000384
0.000384
0.000409
0.000386
0.000385
0.000435
0.000395
0.000388
0.000408
0.000396
0.000384
0.000385
0.000384
0.000389
0.000395
0.000385
0.000392
0.000754
0.001142
0.000384
0.000387
0.000395
0.000393
0.000402
0.000388
0.000386
0.000403
0.000386
0.000396
0.000394
0.000388
0.000383
0.000398
0.000396
0.000383
0.000395
0.000397
0.000393
0.000386
0.000401
0.000389
0.000388
0.000398
0.000394
0.000386
0.000386
0.000387
0.000401
0.000478
0.000399
0.000397
0.000386
0.000395
0.000385
0.000398
0.000384
0.000398
0.000395
0.000387
0.000384
0.000406
0.000387
0.000404
0.000407
0.000386
0.000388
0.000470
0.000424
0.000387
0.000392
0.000386
0.000384
0.000404
0.000384
0.000388
0.000460
0.000385
0.000385
0.000416
0.000383
0.000391
0.000423
0.000385
0.000399
0.000411
0.000396
0.000406
0.000462
0.000392
0.000384
0.000388
0.000388
0.000385
0.000433
0.000412
0.000403
0.000396
0.000389
0.000383
0.000397
0.000385
0.000421
0.000386
0.000385
0.000386
0.000385
0.000402
0.000394
0.000389
0.000401
0.000385
0.000384
0.000401
0.000384
0.000397
0.000387
0.000385
0.000861
0.000451
0.000392
0.000495
0.000383
0.000386
0.000384
0.000383
0.000387
0.000384
0.000408
0.000381
0.000387
0.000396
0.000383
0.000383
0.000393
0.000403
0.000396
0.000395
0.000402
0.000989
0.000383
0.000384
0.000405
0.000399
0.000385
0.000400
0.000394
0.000401
0.000384
0.000388
0.000384
0.000384
0.000396
0.000405
0.000384
0.000385
0.000389
0.000402
0.000385
0.000423
0.000400
0.000386
0.000865
0.000385
0.000386
0.000397
0.000396
0.000384
0.000805
0.000387
0.000390
0.000387
0.000394
0.000385
0.000386
0.000385
0.000385
0.000386
0.000383
0.000396
0.000400
0.000383
0.000394
0.000384
0.000402
0.000385
0.000402
0.000383
0.000398
0.000384
0.000385
0.000395
0.000388
0.000398
0.000437
0.000385
0.000389
0.000388
0.000388
0.000388
0.000379
0.000993
0.000383
0.000387
0.000386
0.000437
0.000400
0.000402
0.000385
0.000400
0.000385
0.000389
0.000386
0.000385
0.000386
0.000401
0.000388
0.000387
0.000388
0.000391
0.000386
0.000383
0.000754
0.000406
0.000399
0.000391
0.000391
0.000599
0.000384
0.000973
0.000386
0.000386
0.000385
0.000385
0.000405
0.000385
0.000383
0.000394
0.000395
0.000387
0.000382
0.000411
0.000385
0.000388
0.000389
0.000386
0.000440
0.000383
0.000382
0.000398
0.000416
0.000399
0.000384
0.000384
0.000386
0.000383
0.001114
0.000945
0.000414
0.000388
0.000384
0.000388
0.000405
0.000570
0.000388
0.000592
0.000384
0.000386
0.000383
0.000385
0.000692
0.000410
0.000387
0.000384
0.000652
0.000408
0.000383
0.000384
0.000386
0.000386
0.000388
0.000861
0.000388
0.000453
0.000860
0.000891
0.000402
0.000416
0.000396
0.000385
0.000414
0.000388
0.000385
0.000388
0.000677
0.000397
0.000384
0.001028
0.000636
0.000401
0.000390
0.000385
0.000384
0.000386
0.000388
0.000395
0.000923
0.000397
0.000386
0.000414
0.000389
0.000386
0.000401
0.000401
0.000575
0.000527
0.000385
0.000384
0.000390
0.000386
0.001056
0.000389
0.000383
0.000414
0.000399
0.000397
0.000397
0.000396
0.000385
0.000386
0.000405
0.000389
0.000384
0.000382
0.000803
0.001049
0.000414
0.000387
0.000927
0.000386
0.000385
0.000387
0.000383
0.000404
0.000402
0.000383
0.000384
0.000388
0.000385
0.000399
0.000397
0.000386
0.000401
0.000387
0.000864
0.000386
0.000398
0.000402
0.000406
0.000384
0.000382
0.000428
0.000396
0.000383
0.000386
0.000396
0.000388
0.000386
0.000384
0.000559
0.000395
0.000402
0.000385
0.000385
0.000383
0.000864
0.000389
0.000383
0.000387
0.000384
0.000386
0.000396
0.000397
0.000394
0.000390
0.000394
0.000383
0.000386
0.000382
0.000403
0.000382
0.000383
0.000390
0.000395
0.000386
0.000384
0.000403
0.000386
0.000389
0.000442
0.000382
0.000395
0.000410
0.000396
0.000392
0.000405
0.000386
0.000399
0.000384
0.000384
0.000383
0.000491
0.000445
0.000402
0.000408
0.000447
0.000398
0.000579
0.000387
0.000391
0.000389
0.000386
0.000387
0.000383
0.000386
0.000394
0.000388
0.000384
0.000397
0.000400
0.000386
0.000401
0.000433
0.000385
0.000384
0.000385
0.000382
0.000384
0.000386
0.000395
0.000383
0.000405
0.000401
0.000386
0.000385
0.000384
0.000398
0.000383
0.000383
0.000386
0.000396
0.000393
0.000409
0.000385
0.000385
0.000380
0.000388
0.000396
0.000398
0.000393
0.000414
0.000396
0.000437
0.000389
0.000384
0.000880
0.000892
0.000385
0.000397
0.000400
0.000388
0.000386
0.000386
0.000431
0.000390
0.000381
0.000649
0.000388
0.000386
0.000390
0.000385
0.000383
0.000395
0.000384
0.000383
0.000387
0.000398
0.000385
0.000383
0.000385
0.000414
0.000385
0.000385
0.000386
0.000398
0.000405
0.000385
0.000390
0.000384
0.000389
0.000395
0.000401
0.000390
0.000402
0.000384
0.000386
0.000397
0.000393
0.000427
0.000387
0.000384
0.000388
0.000389
0.000387
0.000390
0.000395
0.000433
0.000385
0.000389
0.000385
0.000378
0.000395
0.000400
0.000396
0.000402
0.000384
0.000385
0.000387
0.000383
0.000426
0.000385
0.000385
0.000394
0.000389
0.000381
0.000387
0.000396
0.000385
0.000384
0.000385
0.000385
0.000389
0.000416
0.000403
0.000387
0.000388
0.000383
0.000415
0.000401
0.000386
0.000385
0.000391
0.000400
0.000384
0.000386
0.000422
0.000383
0.000384
0.000384
0.000398
0.000388
0.000388
0.000394
0.000424
0.000414
0.000383
0.000403
0.000384
0.000438
0.000414
0.000384
0.000384
0.000384
0.000405
0.000389
0.000387
0.000387
0.000388
0.000385
0.000401
0.000395
0.000419
0.000401
0.000385
0.000384
0.000386
0.000407
0.000387
0.000385
0.000395
0.000384
0.000419
0.000384
0.000386
0.000384
0.000396
0.000398
0.000387
0.000385
0.000396
0.000383
0.000385
0.000399
0.000402
0.000383
0.000387
0.000387
0.000387
0.000385
0.000880
0.000689
0.000379
0.000386
0.000403
0.000383
0.000401
0.000398
0.000389
0.000387
0.000385
0.000472
0.000498
0.000386
0.000394
0.000404
0.000384
0.000382
0.000386
0.000384
0.000399
0.000384
0.000385
0.000383
0.000428
0.000395
0.000390
0.000386
0.000389
0.000400
0.000383
0.000388
0.000387
0.000401
0.000398
0.000383
0.000383
0.000390
0.000395
0.000418
0.000384
0.000381
0.000383
0.000401
0.000385
0.000388
0.000391
0.000388
0.000381
0.000385
0.000384
0.000386
0.000386
0.000408
0.000384
0.000384
0.000399
0.000397
0.000384
0.000389
0.000388
0.000387
0.000396
0.000384
0.000385
0.000387
0.000405
0.000384
0.000398
0.000387
0.000383
0.000395
0.000385
0.000398
0.000387
0.000391
0.000384
0.000404
0.000384
0.000393
0.000397
0.000383
0.000395
0.000398
0.000386
0.000386
0.000384
0.000385
0.000385
0.000399
0.000392
0.000400
0.000384
0.000385
0.000401
0.000404
0.000402
0.000400
0.000398
0.000384
0.000385
0.000384
0.000384
0.000404
0.000380
0.000384
0.000385
0.000383
0.000385
0.000388
0.000398
0.000385
0.000384
0.000401
0.000398
0.000441
0.000900
0.000386
0.001060
0.000637
0.000873
0.000934
0.000869
0.001058
0.000390
0.000383
0.000387
0.000387
0.000402
0.000399
0.000389
0.000402
0.000385
0.000384
0.000476
0.000384
0.000397
0.000384
0.000404
0.000387
0.000382
0.000384
0.000398
0.000387
0.000385
0.000392
0.000400
0.000398
0.000383
0.000387
0.000383
0.000779
0.000387
0.000401
0.000388
0.000384
0.000385
0.000390
0.000383
0.000387
0.000385
0.000383
0.000386
0.000385
0.000397
0.000385
0.000386
0.000405
0.000384
0.000382
0.000387
0.000382
0.000385
0.000389
0.000384
0.000409
0.000385
0.000385
0.000416
0.000385
0.000388
0.000410
0.000383
0.000396
0.000441
0.000409
0.000770
0.000399
0.000385
0.000419
0.000756
0.000421
0.000392
0.000404
0.000848
0.000389
0.000399
0.000414
0.000397
0.000393
0.000821
0.000388
0.000408
0.000399
0.000391
0.000392
0.000864
0.000387
0.000935
0.000386
0.000392
0.000385
0.000403
0.000391
0.000465
0.000414
0.000418
0.000390
0.000586
0.000536
0.000404
0.000818
0.000387
0.000390
0.000388
0.000408
0.000775
0.000708
0.000413
0.000386
0.000411
0.000400
0.000390
0.000387
0.000744
0.000894
0.000397
0.000897
0.000637
0.000393
0.000387
0.000415
0.000386
0.000403
0.000410
0.000906
0.000406
0.000388
0.000407
0.000408
0.000516
0.000421
0.000394
0.000394
0.000868
0.000412
0.000391
0.000405
0.000430
0.000639
0.000864
0.000393
0.000393
0.000418
0.000388
0.000388
0.000386
0.000392
0.000396
0.000404
0.000390
0.000658
0.000406
0.000449
0.000526
0.000409
0.000388
0.000384
0.000387
0.000716
0.000524
0.000543
0.000406
0.000390
0.000387
0.000425
0.000399
0.000387
0.000400
0.000417
0.000386
0.000888
0.000407
0.000389
0.000418
0.000398
0.000388
0.000404
0.000386
0.000396
0.000389
0.000393
0.000403
0.000385
0.000918
0.000394
0.000437
0.000393
0.000384
0.000825
0.000387
0.000404
0.000823
0.000437
0.000942
0.001119
0.000475
0.000387
0.000392
0.000391
0.000405
0.000385
0.000395
0.000400
0.000389
0.000814
0.000391
0.000386
0.000407
0.000866
0.000987
0.000388
0.000385
0.000383
0.000384
0.000385
0.000389
0.000411
0.000711
0.000390
0.000383
0.000383
0.000383
0.000391
0.000391
0.000384
0.000386
0.000384
0.000385
0.000588
0.000389
0.000391
0.000391
0.000419
0.000385
0.000720
0.000389
0.000388
0.000867
0.000403
0.000912
0.000927
0.000390
0.000555
0.000408
0.000751
0.000392
0.000386
0.000797
0.000640
0.000428
0.000394
0.000398
0.000403
0.000492
0.000390
0.000391
0.000389
0.000385
0.000385
0.000386
0.000385
0.000399
0.000385
0.000390
0.000398
0.000390
0.000431
0.000413
0.000385
0.000396
0.000387
0.000392
0.000389
0.000395
0.000537
0.000429
0.000408
0.000437
0.000395
0.000384
0.000401
0.000383
0.000385
0.000410
0.000382
0.000384
0.000445
0.000410
0.000417
0.000410
0.000383
0.000394
0.000385
0.000406
0.000412
0.000383
0.000535
0.000387
0.000386
0.000404
0.000389
0.000392
0.000398
0.000383
0.000427
0.000388
0.000473
0.000401
0.000388
0.000385
0.000387
0.000394
0.000410
0.000620
0.000392
0.000385
0.000400
0.000414
0.000414
0.000387
0.000422
0.000386
0.000384
0.000388
0.000384
0.000542
0.000393
0.000390
0.000390
0.000388
0.000507
0.000397
0.000388
0.000384
0.000387
0.000396
0.000386
0.000384
0.000390
0.000395
0.000490
0.000388
0.000387
0.000388
0.000402
0.000385
0.000387
0.000383
0.000384
0.000385
0.000389
0.001046
0.000386
0.000394
0.000396
0.000387
0.000389
0.000395
0.000383
0.000385
0.000388
0.000387
0.000391
0.000943
0.000611
0.000668
0.000388
0.000385
0.000390
0.000383
0.000384
0.000391
0.000389
0.000509
0.000391
0.000402
0.000892
0.000388
0.000407
0.000573
0.000473
0.000908
0.000413
0.000405
0.000527
0.000425
0.000386
0.000406
0.000393
0.000388
0.000394
0.000400
0.000386
0.000406
0.000388
0.000387
0.000391
0.000392
0.000405
0.000391
0.000419
0.000389
0.000389
0.000388
0.000388
0.000386
0.000394
0.000478
0.000391
0.000391
0.000395
0.000390
0.000401
0.000390
0.000404
0.000386
0.000422
0.001100
0.000386
0.000891
0.000545
0.000424
0.000853
0.000386
0.000770
0.000408
0.000393
0.000388
0.000725
0.000388
0.000383
0.000905
0.000388
0.000386
0.000425
0.000390
0.000402
0.000405
0.000385
0.000389
0.000868
0.000465
0.000390
0.000395
0.000401
0.000397
0.000386
0.000400
0.000399
0.000399
0.000388
0.000385
0.000392
0.000386
0.000379
0.000526
0.000409
0.000389
0.000391
0.000695
0.000536
0.001021
0.000385
0.000409
0.000394
0.000384
0.001047
0.000411
0.000394
0.000388
0.000399
0.000764
0.000529
0.000597
0.000391
0.000405
0.000392
0.000395
0.000874
0.000387
0.000391
0.000867
0.000396
0.000410
0.000739
0.000397
0.000414
0.000387
0.000395
0.000873
0.000404
0.000985
0.000387
0.000508
0.000394
0.000385
0.000401
0.000386
0.001141
0.000399
0.000384
0.000571
0.000400
0.000387
0.000389
0.000383
0.000389
0.000543
0.000476
0.000855
0.000384
0.000393
0.000386
0.000387
0.000387
0.000437
0.000392
0.000428
0.000402
0.000437
0.000399
0.000393
0.000401
0.000387
0.000392
0.000388
0.000867
0.000389
0.000388
0.000865
0.000390
0.000385
0.000405
0.000393
0.000402
0.000440
0.000839
0.000405
0.000397
0.000776
0.000846
0.000847
0.000397
0.000466
0.000403
0.000398
0.000441
0.000394
0.000418
0.000388
0.000392
0.000396
0.000393
0.000418
0.000387
0.000407
0.001063
0.000392
0.000570
0.000394
0.000388
0.000410
0.000384
0.000394
