0.001269
0.000492
0.000442
0.000417
0.000423
0.000485
0.000452
0.000419
0.000414
0.000448
0.000852
0.000419
0.000627
0.000418
0.000432
0.000557
0.000431
0.000425
0.000430
0.000414
0.000436
0.000420
0.000843
0.000563
0.000413
0.000422
0.000487
0.000411
0.000414
0.000426
0.000898
0.000568
0.001161
0.000433
0.000416
0.000418
0.000410
0.000487
0.000416
0.000444
0.000427
0.000421
0.000421
0.000694
0.000412
0.000414
0.000513
0.000440
0.000458
0.000427
0.000429
0.000412
0.000433
0.001141
0.000413
0.000659
0.000423
0.001096
0.000666
0.000418
0.000429
0.001203
0.000415
0.000855
0.000691
0.000978
0.001115
0.000781
0.000415
0.000413
0.000860
0.000571
0.000988
0.000414
0.000417
0.000463
0.001187
0.000414
0.000492
0.000418
0.000985
0.000555
0.000413
0.000414
0.000461
0.000422
0.000414
0.000604
0.000505
0.000420
0.000448
0.000922
0.000414
0.000601
0.000416
0.000860
0.000543
0.000426
0.000414
0.000423
0.000996
0.000925
0.000417
0.000415
0.000414
0.000415
0.000420
0.000417
0.000429
0.000413
0.000431
0.000427
0.000496
0.000685
0.001061
0.000450
0.000415
0.000398
0.000444
0.000424
0.000412
0.000440
0.000422
0.000413
0.000446
0.000600
0.001170
0.000417
0.000452
0.000413
0.000413
0.000452
0.000425
0.000437
0.000419
0.000410
0.000661
0.000657
0.000699
0.000978
0.000419
0.000413
0.000430
0.000416
0.000517
0.000921
0.000417
0.000596
0.000477
0.000414
0.000436
0.000414
0.000413
0.000487
0.000425
0.000417
0.001103
0.000439
0.000600
0.000799
0.000414
0.000581
0.000410
0.000421
0.000615
0.000415
0.000483
0.000526
0.000416
0.000720
0.000428
0.000698
0.000418
0.000413
0.000435
0.000432
0.000415
0.000447
0.000412
0.000412
0.000410
0.000967
0.000412
0.000415
0.000416
0.000924
0.000491
0.000447
0.000417
0.000417
0.000428
0.000638
0.000424
0.000420
0.000747
0.000426
0.000412
0.000480
0.000608
0.000411
0.000412
0.000415
0.000951
0.000536
0.000933
0.000686
0.000435
0.000710
0.000962
0.000415
0.000956
0.001188
0.000755
0.000451
0.000419
0.000834
0.000545
0.000451
0.000413
0.000462
0.000781
0.000530
0.000960
0.000415
0.000415
0.000436
0.000412
0.000590
0.000882
0.000417
0.000419
0.000413
0.000430
0.000771
0.000427
0.000434
0.000411
0.000546
0.000432
0.000608
0.001204
0.000416
0.000715
0.000412
0.000868
0.000425
0.001203
0.000415
0.000687
0.000519
0.000416
0.000425
0.000597
0.000427
0.000813
0.000413
0.000416
0.000538
0.000417
0.000418
0.000755
0.000569
0.001072
0.000437
0.000416
0.000773
0.000543
0.000964
0.000413
0.000418
0.000414
0.000415
0.000824
0.000512
0.000434
0.000658
0.000503
0.000938
0.000414
0.000499
0.000440
0.000415
0.000412
0.000429
0.000836
0.000414
0.000416
0.000430
0.000416
0.000434
0.000417
0.000411
0.000412
0.000415
0.000417
0.000415
0.000415
0.000414
0.000538
0.000421
0.001288
0.000419
0.000418
0.000417
0.000738
0.000414
0.000416
0.000496
0.001208
0.000424
0.000468
0.000902
0.000427
0.000425
0.000412
0.000661
0.000413
0.000414
0.000631
0.000607
0.000419
0.001050
0.000409
0.000429
0.000420
0.000579
0.000474
0.000414
0.000412
0.000863
0.000418
0.000953
0.000419
0.000426
0.000826
0.000412
0.000657
0.000414
0.000699
0.000554
0.000433
0.000801
0.000415
0.000516
0.000516
0.000418
0.000947
0.000602
0.000426
0.000419
0.000434
0.000418
0.000410
0.000821
0.000456
0.000466
0.001169
0.000435
0.000901
0.000414
0.000426
0.000419
0.000417
0.000420
0.000414
0.000672
0.000414
0.000428
0.000639
0.000522
0.000419
0.000422
0.000427
0.000432
0.000816
0.000545
0.000406
0.000428
0.000772
0.000411
0.000477
0.000513
0.001181
0.000411
0.000436
0.001028
0.000603
0.000426
0.001086
0.001223
0.000911
0.000435
0.000427
0.000413
0.000414
0.000417
0.000420
0.000416
0.000416
0.000427
0.000427
0.000517
0.000438
0.000645
0.000805
0.000414
0.000414
0.000422
0.000649
0.000411
0.000415
0.000435
0.000887
0.000431
0.000416
0.000426
0.000412
0.000412
0.000412
0.000655
0.000457
0.000415
0.000414
0.000448
0.000460
0.000419
0.000430
0.000430
0.000428
0.000411
0.000426
0.000426
0.000415
0.000413
0.000423
0.000413
0.000416
0.000421
0.000429
0.000427
0.000417
0.000687
0.000470
0.000492
0.000725
0.000760
0.000430
0.000416
0.000929
0.000413
0.000422
0.000412
0.000414
0.001102
0.000412
0.000418
0.000414
0.000694
0.000409
0.000410
0.000420
0.000451
0.001069
0.000414
0.000418
0.000422
0.000803
0.000414
0.000622
0.000415
0.000449
0.000950
0.000434
0.000532
0.000466
0.000412
0.000410
0.000433
0.000460
0.000480
0.000416
0.000456
0.000422
0.000436
0.001220
0.000413
0.000416
0.000692
0.000704
0.000465
0.000725
0.000420
0.000958
0.000963
0.000413
0.000965
0.000614
0.000486
0.000421
0.000961
0.000417
0.000416
0.000434
0.000438
0.000430
0.001152
0.000453
0.000452
0.000414
0.000428
0.000415
0.000450
0.000460
0.000948
0.000417
0.000644
0.000416
0.000417
0.000409
0.000426
0.000424
0.000713
0.000535
0.000415
0.000432
0.000414
0.000448
0.000424
0.000411
0.000433
0.000413
0.000407
0.000801
0.000417
0.000417
0.000425
0.000965
0.000463
0.001080
0.000413
0.000429
0.000438
0.000457
0.000424
0.000439
0.000417
0.000435
0.000432
0.000414
0.000413
0.000968
0.001233
0.000413
0.000413
0.000428
0.000415
0.000701
0.000413
0.000888
0.000697
0.000412
0.000423
0.000411
0.000411
0.000415
0.000415
0.000429
0.000419
0.000420
0.000776
0.000413
0.000426
0.000416
0.000424
0.000839
0.000413
0.000412
0.000415
0.000420
0.000427
0.000413
0.000415
0.000812
0.000562
0.000414
0.000791
0.000468
0.000414
0.000418
0.000413
0.000415
0.000421
0.000432
0.000414
0.000415
0.000415
0.000418
0.000619
0.000420
0.000500
0.001193
0.000415
0.001043
0.000416
0.000417
0.000617
0.000807
0.000437
0.001118
0.000410
0.000422
0.000460
0.000412
0.000412
0.000412
0.000414
0.000418
0.000600
0.000409
0.000421
0.000927
0.000414
0.000438
0.000432
0.001180
0.000417
0.000430
0.000414
0.000436
0.000412
0.000411
0.000410
0.000409
0.000419
0.000412
0.000413
0.000410
0.000411
0.000417
0.000778
0.000611
0.000537
0.000417
0.000704
0.000433
0.001017
0.000591
0.000934
0.000417
0.000407
0.000422
0.000428
0.000621
0.000437
0.000548
0.001147
0.000768
0.000413
0.000767
0.001001
0.000414
0.000415
0.000639
0.000416
0.000659
0.000426
0.000410
0.000409
0.000417
0.000430
0.000415
0.000458
0.000411
0.000414
0.000411
0.000428
0.000428
0.000410
0.000427
0.000417
0.000441
0.000801
0.000426
0.000431
0.000925
0.000413
0.000602
0.000413
0.000413
0.000419
0.000465
0.000418
0.000410
0.000411
0.000415
0.000415
0.000425
0.000420
0.000417
0.000773
0.000423
0.000411
0.000534
0.000987
0.000416
0.000751
0.000411
0.000414
0.001253
0.000473
0.000430
0.000428
0.000427
0.000416
0.000813
0.000425
0.000416
0.000528
0.000428
0.000418
0.000413
0.000428
0.000412
0.000430
0.000420
0.000440
0.000474
0.000409
0.000424
0.000448
0.000673
0.001140
0.000412
0.000416
0.000417
0.001078
0.000432
0.000427
0.000717
0.000919
0.000420
0.000419
0.000489
0.000414
0.000435
0.000442
0.000410
0.000416
0.000411
0.000411
0.000412
0.000510
0.000598
0.000413
0.000412
0.000426
0.000421
0.000414
0.000419
0.000427
0.000563
0.000953
0.000417
0.000414
0.000426
0.000679
0.000434
0.000416
0.000594
0.000417
0.000491
0.000414
0.000415
0.000871
0.001036
0.000433
0.000567
0.000423
0.000418
0.001026
0.000920
0.000815
0.000414
0.000437
0.000413
0.000476
0.000449
0.000857
0.000416
0.000426
0.000461
0.000431
0.000415
0.000410
0.000412
0.000409
0.000416
0.000445
0.000440
0.000918
0.000865
0.000431
0.000460
0.000837
0.000989
0.000831
0.000402
0.000985
0.000423
0.000425
0.000435
0.000421
0.000692
0.000431
0.000418
0.000604
0.000414
0.000425
0.000410
0.000426
0.000411
0.000406
0.000494
0.000431
0.000485
0.000414
0.000424
0.000570
0.000411
0.000455
0.000413
0.000412
0.000436
0.000412
0.000427
0.000412
0.000433
0.000432
0.000427
0.000418
0.000443
0.000424
0.000424
0.000443
0.000408
0.000414
0.000423
0.000782
0.000413
0.000418
0.000436
0.000412
0.000412
0.000428
0.000415
0.000409
0.000428
0.000455
0.000419
0.000411
0.000410
0.000417
0.000430
0.000441
0.000409
0.000413
0.000433
0.000418
0.000414
0.000417
0.000411
0.000408
0.000411
0.000414
0.000414
0.000440
0.000415
0.000413
0.000948
0.000417
0.000440
0.000414
0.000412
0.000409
0.000414
0.000423
0.000426
0.000425
0.000593
0.000421
0.000417
0.000411
0.000411
0.000414
0.000892
0.000413
0.000410
0.000413
0.000409
0.000474
0.000422
0.000414
0.000409
0.000457
0.000420
0.000416
0.000422
0.000412
0.000418
0.000749
0.000444
0.000414
0.000445
0.000410
0.000404
0.000429
0.000411
0.000405
0.000414
0.001067
0.000423
0.000427
0.000423
0.000442
0.000437
0.000438
0.000409
0.000423
0.000434
0.000409
0.000954
0.000422
0.000437
0.000411
0.000412
0.000455
0.000412
0.000426
0.000417
0.000431
0.000416
0.000412
0.000442
0.000424
0.000414
0.000438
0.000412
0.000413
0.000430
0.000441
0.001029
0.000899
0.000495
0.000411
0.000420
0.000437
0.000435
0.000421
0.000963
0.000413
0.000437
0.000415
0.000408
0.000411
0.000412
0.000428
0.000413
0.000412
0.000415
0.001043
0.000434
0.000468
0.000774
0.000438
0.000418
0.000426
0.000414
0.000538
0.000409
0.000426
0.000412
0.000426
0.000413
0.000423
0.000415
0.000775
0.000419
0.000433
0.000432
0.000411
0.000488
0.000415
0.000426
0.000411
0.000413
0.000459
0.000411
0.000952
0.000421
0.000419
0.000430
0.000428
0.000429
0.000729
0.000543
0.000413
0.000414
0.000415
0.000411
0.000426
0.000424
0.000922
0.000418
0.000415
0.000434
0.000412
0.000412
0.000668
0.000420
0.000419
0.000411
0.000751
0.000546
0.000437
0.001245
0.000414
0.000421
0.000928
0.000418
0.000420
0.000417
0.000414
0.000487
0.000417
0.000841
0.000416
0.000425
0.000415
0.000439
0.000412
0.000418
0.000422
0.000416
0.000585
0.000424
0.000425
0.000424
0.000484
0.000419
0.000419
0.000416
0.000409
0.000413
0.000415
0.000578
0.000413
0.000415
0.000824
0.000417
0.000416
0.000432
0.000419
0.000432
0.000415
0.000429
0.000418
0.000852
0.000417
0.000554
0.000456
0.000417
0.000415
0.000417
0.000840
0.000422
0.000433
0.000598
0.000416
0.000413
0.000738
0.000413
0.000821
0.000416
0.000425
0.000410
0.000429
0.000411
0.000424
0.000415
0.000427
0.000410
0.000411
0.000421
0.000413
0.000754
0.000420
0.000922
0.000413
0.000426
0.000817
0.000414
0.000445
0.001121
0.000509
0.000429
0.000430
0.000431
0.000422
0.000544
0.000481
0.000504
0.000666
0.000419
0.000708
0.000413
0.000451
0.000434
0.000883
0.000516
0.000724
0.000424
0.000418
0.000414
0.000411
0.000413
0.000846
0.000417
0.000472
0.000416
0.000416
0.000419
0.000414
0.000412
0.000413
0.000413
0.000407
0.000428
0.000437
0.000416
0.000434
0.000425
0.000876
0.000420
0.000413
0.000421
0.000747
0.000432
0.000901
0.000604
0.000420
0.000415
0.001151
0.000924
0.000415
0.000415
0.000593
0.000415
0.000737
0.000412
0.000432
0.000410
0.000413
0.000412
0.000415
0.000413
0.000411
0.001110
0.000958
0.000414
0.000442
0.000422
0.000420
0.000429
0.000915
0.000406
0.000416
0.000680
0.000415
0.000413
0.000411
0.000601
0.000420
0.000836
0.000582
0.000428
0.000757
0.000452
0.000413
0.000417
0.000874
0.000747
0.000430
0.000430
0.000407
0.000412
0.000409
0.000518
0.000417
0.000471
0.000444
0.000416
0.000422
0.000422
0.000414
0.000410
0.000413
0.000436
0.000424
0.000412
0.000425
0.000801
0.000474
0.000415
0.000816
0.000419
0.000437
0.000770
0.000426
0.000418
0.000967
0.000421
0.000414
0.000620
0.000461
0.000883
0.000450
0.000424
0.001167
0.000419
0.000412
0.000410
0.000724
0.000414
0.000448
0.000417
0.000409
0.000418
0.000426
0.000415
0.000417
0.000593
0.000427
0.000415
0.000436
0.000425
0.000429
0.000420
0.000416
0.000427
0.000747
0.000414
0.000432
0.000815
0.000416
0.000414
0.000843
0.000931
0.000424
0.000413
0.000413
0.000732
0.000414
0.000413
0.001151
0.000443
0.000423
0.001261
0.000414
0.000422
0.000414
0.001193
0.000417
0.000805
0.000416
0.000419
0.000416
0.000953
0.000511
0.000958
0.000421
0.001010
0.000600
0.000924
0.000425
0.000419
0.000610
0.000426
0.000416
0.001016
0.000434
0.000458
0.000838
0.000415
0.000540
0.000446
0.000476
0.000417
0.000414
0.000447
0.000411
0.000432
0.000417
0.000412
0.000447
0.000413
0.000414
0.000443
0.000417
0.000472
0.000423
0.000435
0.000426
0.000416
0.000408
0.000410
0.000831
0.000416
0.000415
0.000433
0.000458
0.000434
0.000985
0.000422
0.000413
0.001057
0.000421
0.000414
0.001248
0.000419
0.000868
0.000963
0.000522
0.000575
0.000415
0.000419
0.000411
0.000412
0.000857
0.000412
0.000924
0.000412
0.000425
0.000499
0.000420
0.000961
0.000520
0.000416
0.000831
0.000797
0.000917
0.000767
0.000416
0.000414
0.000874
0.000435
0.000413
0.000413
0.001130
0.000457
0.000966
0.000659
0.000417
0.000760
0.000955
0.000592
0.000419
0.000438
0.000548
0.000416
0.000780
0.000925
0.000665
0.001072
0.000456
0.000951
0.000417
0.000806
0.000937
0.000590
0.000422
0.000423
0.000907
0.000528
0.000408
0.000413
0.000416
0.000428
0.000429
0.001127
0.000425
0.000509
0.000420
0.000416
0.000411
0.000416
0.000414
0.000610
0.000412
0.000431
0.000431
0.000413
0.000415
0.000413
0.000417
0.000549
0.000416
0.001196
0.000863
0.000897
0.000420
0.000487
0.000414
0.000412
0.000435
0.000520
0.000795
0.000418
0.000415
0.000416
0.000411
0.000901
0.000415
0.000449
0.001223
0.000435
0.000418
0.000531
0.000419
0.000424
0.000429
0.000416
0.000413
0.000532
0.000690
0.000428
0.000523
0.000427
0.000423
0.000413
0.000416
0.000413
0.000505
0.000418
0.000610
0.000412
0.000410
0.000688
0.000412
0.000412
0.001175
0.000925
0.000418
0.000413
0.000413
0.000426
0.000740
0.000412
0.000412
0.000417
0.000424
0.000925
0.000412
0.000420
0.000426
0.000918
0.000434
0.000427
0.000766
0.000729
0.000433
0.000413
0.000422
0.000976
0.000420
0.000413
0.000433
0.000456
0.001138
0.000417
0.000641
0.000738
0.000410
0.000433
0.000708
0.001128
0.000417
0.000937
0.000413
0.000554
0.000412
0.000444
0.000413
0.000427
0.000432
0.001167
0.000426
0.000634
0.000416
0.000416
0.000413
0.000626
0.000438
0.000410
0.000410
0.000412
0.000411
0.000412
0.000425
0.000412
0.000411
0.000412
0.000410
0.000429
0.000410
0.000410
0.000415
0.000426
0.000411
0.000412
0.000681
0.000413
0.000429
0.000410
0.000425
0.000412
0.000411
0.000414
0.000417
0.000440
0.000823
0.000417
0.000413
0.000412
0.000415
0.000413
0.000409
0.000409
0.000419
0.000872
0.000412
0.000426
0.000409
0.000411
0.000410
0.000417
0.000421
0.000432
0.000414
0.000413
0.000409
0.000417
0.000413
0.000427
0.000424
0.000436
0.000411
0.000413
0.000958
0.000411
0.000442
0.000410
0.000410
0.000443
0.000411
0.000425
0.000430
0.000410
0.000420
0.000430
0.000411
0.000415
0.000425
0.000413
0.000411
0.000411
0.000410
0.000414
0.000414
0.000409
0.000413
0.000428
0.000437
0.000410
0.000409
0.000406
0.000426
0.000411
0.000414
0.000411
0.000413
0.000426
0.000433
0.000415
0.000425
0.000431
0.000412
0.000414
0.000634
0.000426
0.000429
0.000415
0.000423
0.000415
0.000411
0.000421
0.000411
0.000411
0.000412
0.000447
0.000416
0.001120
0.000430
0.000474
0.000411
0.000414
0.000412
0.000413
0.000426
0.000411
0.000411
0.000411
0.000427
0.000425
0.000687
0.000426
0.000779
0.000950
0.000441
0.000412
0.000422
0.000429
0.000512
0.000463
0.000424
0.000638
0.000409
0.000643
0.000408
0.000414
0.000416
0.000426
0.000424
0.000425
0.000668
0.000428
0.000413
0.000409
0.000432
0.000849
0.000425
0.000570
0.000415
0.000720
0.000686
0.000715
0.000440
0.000417
0.000411
0.000451
0.000415
0.000432
0.000410
0.000414
0.000958
0.000584
0.000428
0.000415
0.000433
0.000414
0.000418
0.000419
0.000429
0.000429
0.000467
0.000415
0.000413
0.000824
0.000413
0.000431
0.000411
0.000475
0.000689
0.000507
0.000926
0.000419
0.000415
0.001230
0.001215
0.000428
0.000415
0.000414
0.000584
0.000420
0.000415
0.000431
0.000427
0.000411
0.000465
0.000957
0.000559
0.000929
0.000456
0.000714
0.000416
0.000412
0.000437
0.000881
0.000430
0.000417
0.000421
0.000412
0.000858
0.000413
0.000576
0.000420
0.000414
0.000873
0.000418
0.000807
0.000427
0.000440
0.000416
0.000457
0.000813
0.000564
0.000932
0.000410
0.000619
0.000469
0.000417
0.000416
0.000413
0.000893
0.000812
0.000870
0.000430
0.000653
0.000412
0.000418
0.000562
0.000416
0.000434
0.000424
0.000685
0.000416
0.000420
0.000414
0.000430
0.001180
0.000413
0.000480
0.000483
0.000417
0.000436
0.000815
0.000533
0.000417
0.000618
0.000590
0.000922
0.000421
0.000411
0.000425
0.000434
0.000934
0.000521
0.000924
0.000416
0.000422
0.000607
0.000473
0.000413
0.000413
0.000673
0.000442
0.000421
0.000415
0.001007
0.000679
0.000744
0.000933
0.000549
0.000419
0.000413
0.000417
0.000417
0.000413
0.000667
0.000575
0.000420
0.000416
0.000412
0.000451
0.000420
0.000424
0.000740
0.000676
0.000580
0.000416
0.000889
0.000601
0.000937
0.000424
0.000419
0.000435
0.000751
0.000926
0.000410
0.000431
0.000420
0.000737
0.000428
0.000418
0.000705
0.000421
0.000614
0.000414
0.001238
0.000474
0.000443
0.000413
0.000412
0.000414
0.000413
0.000424
0.000573
0.000427
0.000878
0.000442
0.000438
0.000413
0.000828
0.000415
0.000416
0.000412
0.001057
0.000424
0.000422
0.000412
0.000764
0.000427
0.000556
0.000414
0.000429
0.000441
0.000452
0.000414
0.000414
0.000412
0.000408
0.000424
0.000417
0.000988
0.000417
0.000429
0.001185
0.000424
0.000434
0.000949
0.000637
0.000587
0.000857
0.000901
0.000410
0.000412
0.000415
0.000845
0.000420
0.000409
0.000412
0.000413
0.000426
0.000412
0.000432
0.000703
0.000712
0.000504
0.000449
0.000415
0.000436
0.000508
0.000417
0.000441
0.000428
0.000740
0.000408
0.000413
0.000475
0.001075
0.000911
0.000415
0.000416
0.000435
0.000469
0.000962
0.000427
0.000419
0.000428
0.000922
0.000650
0.000411
0.000424
0.000436
0.000409
0.000418
0.001164
0.001079
0.000444
0.000416
0.000411
0.000417
0.000777
0.001119
0.000427
0.000710
0.001064
0.000416
0.000409
0.000646
0.000422
0.000420
0.000863
0.001034
0.000435
0.000944
0.000430
0.000427
0.000417
0.000444
0.000417
0.000414
0.000416
0.000937
0.001161
0.000926
0.000412
0.000430
0.000716
0.001265
0.000426
0.000445
0.000413
0.000414
0.000501
0.000413
0.000421
0.000413
0.000769
0.000981
0.000432
0.000411
0.000412
0.000504
0.000414
0.000427
0.000916
0.000415
0.000428
0.000417
0.000411
0.000426
0.000413
0.000416
0.000412
0.000411
0.000883
0.001293
0.000962
0.000418
0.001056
0.000504
0.000426
0.000417
0.000544
0.000876
0.001295
0.000416
0.000714
0.000427
0.000414
0.000427
0.000411
0.000430
0.000432
0.000427
0.000417
0.000897
0.001259
0.000435
0.000418
0.000413
0.000425
0.000411
0.000412
0.000430
0.000851
0.000495
0.000433
0.000415
0.000423
