0.000871
0.000851
0.000865
0.000831
0.000883
0.000836
0.000847
0.000847
0.000848
0.000830
0.000898
0.000832
0.000843
0.000829
0.000856
0.000829
0.000841
0.001368
0.000838
0.000827
0.000830
0.000851
0.000831
0.000837
0.000844
0.000834
0.000836
0.000846
0.000832
0.000843
0.000830
0.000879
0.000849
0.000864
0.000831
0.000860
0.000834
0.000844
0.000834
0.000911
0.000831
0.001407
0.000832
0.000837
0.000850
0.000858
0.000845
0.001436
0.000833
0.001643
0.000834
0.000831
0.000835
0.000848
0.000841
0.000848
0.000846
0.000865
0.000847
0.000869
0.000834
0.000858
0.000829
0.001219
0.000839
0.000833
0.000911
0.000826
0.000851
0.000847
0.000900
0.000852
0.000879
0.000832
0.000853
0.000835
0.000863
0.000833
0.000867
0.000845
0.000858
0.000829
0.000829
0.000836
0.000826
0.000821
0.000857
0.001144
0.000849
0.001384
0.001341
0.000883
0.000880
0.000874
0.000849
0.000877
0.001884
0.000861
0.000871
0.000830
0.000884
0.001659
0.000827
0.000831
0.000855
0.001474
0.000857
0.000834
0.000836
0.000867
0.000855
0.001610
0.000828
0.000875
0.000833
0.000873
0.000838
0.000850
0.000826
0.000829
0.000829
0.000851
0.001129
0.001051
0.000821
0.000875
0.001789
0.000831
0.000834
0.000859
0.000915
0.000824
0.000845
0.000832
0.000842
0.000821
0.000839
0.000826
0.001466
0.000874
0.000835
0.000850
0.000851
0.000841
0.000850
0.000847
0.000888
0.000842
0.000827
0.000853
0.000833
0.000823
0.000851
0.000862
0.000851
0.001267
0.001095
0.000859
0.000834
0.000861
0.000835
0.000876
0.000849
0.000849
0.000830
0.000835
0.000835
0.001483
0.001809
0.000830
0.001066
0.001114
0.000855
0.000834
0.000893
0.001146
0.000832
0.000846
0.000843
0.001551
0.001201
0.000844
0.000853
0.000875
0.000836
0.000829
0.000841
0.000834
0.000844
0.000868
0.001070
0.000911
0.000843
0.001069
0.000857
0.001301
0.000840
0.001140
0.000830
0.000867
0.000833
0.000870
0.000827
0.000876
0.001164
0.000834
0.000874
0.001724
0.000854
0.000834
0.000833
0.000827
0.001032
0.000825
0.000841
0.001702
0.000822
0.002022
0.000858
0.000832
0.000877
0.000863
0.000867
0.000835
0.000819
0.000841
0.000838
0.000967
0.000830
0.000846
0.000837
0.000866
0.000830
0.000846
0.000824
0.000929
0.000839
0.000850
0.000836
0.000860
0.000864
0.000825
0.000860
0.002289
0.000841
0.000831
0.000859
0.000883
0.000846
0.001771
0.000844
0.000851
0.000835
0.000848
0.000853
0.002043
0.001532
0.000887
0.000827
0.000862
0.002572
0.000895
0.000852
0.000844
0.000882
0.000837
0.000866
0.000835
0.000853
0.000851
0.000869
0.000829
0.000878
0.000845
0.000866
0.000858
0.001556
0.001140
0.000880
0.000887
0.000856
0.002189
0.000833
0.000870
0.000840
0.001465
0.001351
0.000831
0.001436
0.000815
0.000834
0.000845
0.001243
0.000828
0.000857
0.000843
0.000876
0.000898
0.000835
0.000854
0.000946
0.001346
0.000827
0.000873
0.001912
0.000825
0.001691
0.000831
0.000853
0.000829
0.000858
0.000855
0.001391
0.000848
0.000859
0.000851
0.001562
0.001190
0.000846
0.000824
0.000840
0.000847
0.000879
0.000828
0.000844
0.001455
0.000826
0.000828
0.000826
0.001045
0.000842
0.001529
0.001373
0.000850
0.000854
0.000845
0.000846
0.000898
0.001047
0.000827
0.000844
0.001718
0.000860
0.000830
0.000831
0.000854
0.001546
0.000830
0.000848
0.001511
0.000883
0.001520
0.000828
0.000861
0.000833
0.000838
0.000852
0.000862
0.000847
0.000912
0.000920
0.001714
0.001395
0.000831
0.001330
0.000862
0.000830
0.001089
0.000836
0.000827
0.000847
0.000818
0.000833
0.000833
0.002195
0.000876
0.000848
0.000858
0.001257
0.000848
0.000854
0.000827
0.001504
0.000876
0.000906
0.000834
0.000861
0.000850
0.000852
0.000826
0.001398
0.000832
0.000861
0.000831
0.000829
0.000900
0.000847
0.001172
0.000833
0.001580
0.000851
0.000832
0.001971
0.000833
0.001905
0.001195
0.000897
0.000863
0.000865
0.002361
0.001326
0.000889
0.000853
0.001499
0.000869
0.000820
0.000827
0.000923
0.000853
0.000886
0.001289
0.000835
0.000846
0.000831
0.000834
0.000836
0.000831
0.000834
0.000829
0.000829
0.000865
0.000831
0.000820
0.000833
0.000836
0.000850
0.000837
0.001563
0.000828
0.000826
0.000829
0.000874
0.000835
0.000837
0.000959
0.001047
0.000962
0.001065
0.000871
0.000832
0.001658
0.000838
0.000827
0.000830
0.000838
0.001135
0.000855
0.000918
0.000852
0.000849
0.000867
0.000831
0.000851
0.000832
0.001423
0.000828
0.000848
0.000835
0.000849
0.000844
0.000862
0.000852
0.000861
0.000834
0.000832
0.000847
0.000834
0.001437
0.000890
0.001387
0.001397
0.000825
0.000832
0.000832
0.000833
0.000849
0.000840
0.000883
0.000831
0.000829
0.000826
0.000826
0.000851
0.000830
0.000953
0.000872
0.000864
0.000855
0.001177
0.000870
0.000828
0.000843
0.000832
0.001470
0.000906
0.001501
0.000861
0.000825
0.001316
0.000852
0.000834
0.000856
0.000851
0.002001
0.000972
0.000858
0.000833
0.000862
0.000836
0.000850
0.000843
0.000858
0.000979
0.001048
0.000843
0.000838
0.001443
0.000809
0.000835
0.000870
0.000837
0.000862
0.000827
0.000840
0.000831
0.000830
0.001695
0.000837
0.001010
0.001008
0.000831
0.001560
0.000871
0.000833
0.000849
0.000834
0.000901
0.000853
0.000892
0.000904
0.000834
0.000821
0.000851
0.000876
0.000825
0.000852
0.000826
0.000877
0.000826
0.000872
0.000859
0.000961
0.000844
0.000850
0.001420
0.000860
0.000931
0.000879
0.000839
0.000829
0.000873
0.000866
0.000852
0.000830
0.001034
0.000844
0.000825
0.000951
0.000847
0.000849
0.000874
0.000858
0.000848
0.000831
0.000878
0.000831
0.000888
0.000833
0.001503
0.000875
0.000828
0.000870
0.000833
0.000930
0.000856
0.000853
0.000834
0.000848
0.000830
0.000882
0.000833
0.000851
0.000824
0.000831
0.000826
0.000828
0.000826
0.000826
0.000833
0.000831
0.000862
0.000884
0.000846
0.000879
0.000833
0.000830
0.000833
0.000829
0.000866
0.000831
0.000916
0.000832
0.000935
0.000847
0.000836
0.001273
0.001100
0.000826
0.000869
0.000834
0.000882
0.000827
0.000866
0.000860
0.000939
0.000833
0.000849
0.000864
0.000849
0.000822
0.000862
0.000844
0.000825
0.000846
0.000848
0.000822
0.000859
0.000839
0.000847
0.000865
0.000845
0.000833
0.000837
0.000855
0.000820
0.000880
0.001714
0.000831
0.000847
0.000829
0.000832
0.000863
0.000829
0.000824
0.000816
0.000846
0.000831
0.000849
0.000828
0.000843
0.000861
0.000848
0.000867
0.000852
0.000830
0.000822
0.000832
0.000841
0.001399
0.000836
0.000828
0.000827
0.000833
0.000834
0.000826
0.000827
0.000820
0.000830
0.000830
0.000825
0.000829
0.002127
0.000824
0.000844
0.000815
0.000824
0.000825
0.000847
0.000833
0.000859
0.001117
0.000858
0.000836
0.000889
0.001428
0.000831
0.000860
0.000908
0.000850
0.000825
0.000864
0.000861
0.000833
0.001395
0.000850
0.000836
0.000829
0.000849
0.001525
0.000851
0.000826
0.000845
0.000833
0.000851
0.000832
0.000831
0.000900
0.000853
0.000831
0.000852
0.000830
0.000830
0.000832
0.000829
0.000834
0.000873
0.000832
0.000833
0.000863
0.000833
0.000842
0.000831
0.000887
0.000849
0.000831
0.000863
0.000835
0.000849
0.000826
0.000840
0.001457
0.000833
0.000849
0.000885
0.000846
0.000828
0.000852
0.000862
0.000861
0.000831
0.000870
0.000831
0.000871
0.000824
0.000845
0.000849
0.000860
0.000830
0.000868
0.000846
0.000878
0.000833
0.000849
0.000863
0.000917
0.000816
0.000847
0.000844
0.000830
0.000839
0.000857
0.000827
0.001003
0.001193
0.000833
0.000848
0.002346
0.000879
0.000867
0.002421
0.000829
0.000826
0.000842
0.000824
0.000846
0.000861
0.000841
0.000845
0.001772
0.001281
0.000826
0.001283
0.000864
0.001691
0.000825
0.000963
0.001042
0.000884
0.001077
0.000904
0.000836
0.000841
0.000838
0.000855
0.000903
0.001408
0.000878
0.001434
0.000895
0.000853
0.000860
0.000838
0.001026
0.000915
0.000863
0.001105
0.000849
0.000887
0.000934
0.001031
0.000852
0.000826
0.000847
0.000837
0.000823
0.000841
0.001409
0.000839
0.000850
0.000830
0.000846
0.000857
0.000831
0.000830
0.000876
0.001294
0.000862
0.000858
0.001124
0.000874
0.001324
0.000844
0.000840
0.001608
0.000847
0.000835
0.000851
0.000844
0.000887
0.000834
0.001641
0.001313
0.001503
0.000829
0.000851
0.001455
0.001277
0.000833
0.000832
0.000852
0.000835
0.000829
0.000829
0.000835
0.000841
0.000854
0.001645
0.001301
0.000832
0.001194
0.001045
0.000824
0.000831
0.000852
0.000855
0.000844
0.000885
0.000832
0.000830
0.000852
0.000829
0.000827
0.000849
0.000849
0.000876
0.000860
0.000850
0.000853
0.000836
0.000849
0.000843
0.001395
0.000831
0.000844
0.001286
0.001244
0.001156
0.000825
0.000842
0.000831
0.000859
0.001732
0.000849
0.001280
0.000863
0.001554
0.001275
0.000830
0.000827
0.000845
0.000923
0.000828
0.000845
0.000830
0.000854
0.000830
0.000864
0.001495
0.000831
0.001373
0.000833
0.000838
0.000870
0.001217
0.000846
0.000876
0.001080
0.001266
0.000852
0.001193
0.000833
0.001146
0.000827
0.000887
0.000923
0.001216
0.000882
0.001145
0.000839
0.001150
0.001186
0.000831
0.000863
0.000875
0.001389
0.000850
0.000873
0.001240
0.000831
0.001118
0.000818
0.000852
0.000846
0.000835
0.000824
0.000880
0.001417
0.001075
0.000851
0.000830
0.001947
0.000834
0.000837
0.000837
0.001089
0.000841
0.000847
0.001537
0.000833
0.000849
0.001146
0.000976
0.000855
0.000831
0.000849
0.000825
0.000863
0.000876
0.001656
0.001516
0.000850
0.000853
0.000833
0.001795
0.001338
0.000840
0.000832
0.000846
0.000827
0.000824
0.001464
0.000888
0.000851
0.001107
0.001518
0.000847
0.001486
0.000916
0.001842
0.001035
0.000870
0.000857
0.000845
0.000880
0.000842
0.000832
0.001044
0.000851
0.001633
0.001393
0.000856
0.000848
0.000829
0.001295
0.000829
0.001334
0.000835
0.000848
0.002142
0.000840
0.000839
0.000835
0.000830
0.001308
0.001417
0.000832
0.001381
0.000836
0.001378
0.000857
0.001226
0.000869
0.000850
0.000834
0.000838
0.001541
0.000837
0.001079
0.000860
0.001454
0.000987
0.000849
0.001031
0.000847
0.001383
0.000829
0.000840
0.001023
0.000883
0.001509
0.000918
0.001255
0.000850
0.001156
0.000848
0.000834
0.001194
0.000862
0.000857
0.001076
0.000846
0.000852
0.000826
0.001479
0.000887
0.000858
0.000834
0.000834
0.000833
0.000929
0.000829
0.000843
0.000844
0.000913
0.000844
0.001490
0.000836
0.001183
0.000845
0.001031
0.001206
0.000830
0.001149
0.000836
0.000986
0.000854
0.000838
0.000857
0.000835
0.000853
0.001484
0.000840
0.001481
0.000836
0.000858
0.000835
0.001518
0.000834
0.001148
0.000864
0.000863
0.000826
0.001125
0.000861
0.000827
0.001205
0.000842
0.000864
0.000857
0.000861
0.001333
0.000842
0.000832
0.000822
0.000845
0.000879
0.000873
0.000842
0.000889
0.000826
0.000861
0.000839
0.000850
0.000833
0.000849
0.000832
0.000873
0.000819
0.000845
0.000826
0.000905
0.000829
0.000855
0.000851
0.000875
0.000831
0.000855
0.000829
0.001271
0.000828
0.000836
0.000893
0.000834
0.000848
0.000830
0.000847
0.000847
0.000833
0.002196
0.002413
0.000831
0.000852
0.000828
0.000846
0.000832
0.000873
0.000850
0.000875
0.001581
0.001024
0.000844
0.001306
0.000838
0.000846
0.000833
0.001199
0.001109
0.000853
0.000834
0.001435
0.001097
0.000856
0.000855
0.000853
0.000834
0.000840
0.001648
0.000834
0.001621
0.000831
0.000853
0.000841
0.001822
0.000832
0.000839
0.000848
0.000850
0.000831
0.000826
0.000843
0.000865
0.000855
0.000832
0.000831
0.000859
0.000832
0.002041
0.000846
0.001393
0.000849
0.000850
0.000846
0.000911
0.000862
0.000849
0.000833
0.000868
0.000857
0.000870
0.000830
0.000863
0.000828
0.001212
0.002160
0.001894
0.000845
0.001232
0.000844
0.001228
0.000853
0.000833
0.001585
0.001174
0.000877
0.000827
0.000850
0.000854
0.000829
0.000829
0.000832
0.001544
0.000991
0.000889
0.000847
0.000852
0.000833
0.000878
0.000823
0.000853
0.002254
0.000842
0.000851
0.001249
0.000841
0.000844
0.000828
0.000834
0.000827
0.001211
0.001139
0.000827
0.000839
0.001453
0.000833
0.000831
0.000852
0.000831
0.000829
0.000829
0.000856
0.000833
0.000834
0.000878
0.000881
0.000831
0.000834
0.000893
0.000862
0.001220
0.000869
0.000845
0.000826
0.000868
0.000923
0.000842
0.000848
0.001505
0.000823
0.000857
0.000851
0.000842
0.000857
0.000829
0.000869
0.000827
0.000848
0.000830
0.000883
0.000826
0.000826
0.000840
0.000849
0.000850
0.000841
0.001500
0.000831
0.000878
0.000831
0.000856
0.000826
0.000872
0.000830
0.000819
0.000853
0.000861
0.000831
0.000838
0.000836
0.000888
0.000939
0.000832
0.000827
0.000834
0.000847
0.000863
0.000877
0.000845
0.000836
0.000834
0.000839
0.000849
0.000830
0.000859
0.000862
0.000824
0.000834
0.000861
0.000860
0.000829
0.000846
0.002302
0.001329
0.000885
0.000826
0.000847
0.000851
0.000845
0.000850
0.000846
0.000851
0.000873
0.000843
0.000855
0.000848
0.000829
0.000829
0.000899
0.000831
0.000892
0.000827
0.000871
0.000836
0.000874
0.000860
0.001248
0.000828
0.000926
0.000826
0.000833
0.000852
0.000850
0.000825
0.000855
0.000905
0.001222
0.000840
0.001294
0.000908
0.000873
0.000832
0.000842
0.000876
0.000830
0.000865
0.000855
0.000854
0.000830
0.000877
0.000847
0.000833
0.000852
0.000847
0.000827
0.000879
0.000851
0.000912
0.000838
0.001491
0.000848
0.000827
0.000847
0.000885
0.000834
0.000839
0.001632
0.000830
0.000834
0.000839
0.000883
0.001799
0.000843
0.000830
0.000856
0.000828
0.000836
0.000824
0.000875
0.000864
0.000842
0.001467
0.000838
0.000853
0.000872
0.000851
0.000871
0.000834
0.000856
0.000824
0.000834
0.000849
0.000845
0.000823
0.000857
0.000833
0.000831
0.000835
0.000845
0.000832
0.001172
0.000852
0.001667
0.000855
0.001074
0.000840
0.000829
0.001261
0.000822
0.000834
0.000856
0.000823
0.000851
0.000851
0.000826
0.001495
0.002293
0.001511
0.000890
0.000834
0.000857
0.000855
0.000829
0.000853
0.000833
0.000847
0.000839
0.000861
0.000858
0.000835
0.000871
0.000827
0.000888
0.001188
0.000831
0.000832
0.000820
0.000853
0.000845
0.000821
0.000831
0.000817
0.000882
0.000832
0.000847
0.000849
0.000879
0.000865
0.000873
0.000848
0.000870
0.001106
0.001061
0.000861
0.000854
0.000864
0.000834
0.000872
0.000822
0.000850
0.001137
0.000830
0.001273
0.000830
0.000851
0.000850
0.001007
0.000864
0.000836
0.000852
0.000874
0.001381
0.000837
0.000841
0.000829
0.001334
0.001167
0.000873
0.001160
0.001629
0.001222
0.001505
0.000836
0.000824
0.000883
0.000836
0.000896
0.001277
0.000842
0.000837
0.000845
0.000830
0.000827
0.000836
0.000829
0.000846
0.000952
0.000860
0.000840
0.000848
0.000851
0.000835
0.000833
0.000823
0.001219
0.000861
0.001348
0.000838
0.000837
0.000831
0.000830
0.000833
0.000843
0.001878
0.001299
0.000861
0.000864
0.000829
0.000854
0.000875
0.000825
0.000855
0.000830
0.000870
0.001255
0.002205
0.000847
0.000846
0.000843
0.001222
0.000848
0.000835
0.001814
0.000862
0.000884
0.000835
0.000854
0.000821
0.000826
0.000839
0.000833
0.000967
0.000868
0.000932
0.000852
0.000850
0.000829
0.000826
0.001521
0.000830
0.001109
0.000834
0.000862
0.001399
0.000833
0.000858
0.001765
0.000884
0.001440
0.000832
0.000824
0.001518
0.000833
0.000841
0.000835
0.001205
0.000849
0.001158
0.000853
0.000844
0.001205
0.000852
0.000836
0.001239
0.000846
0.001128
0.000862
0.001371
0.000972
0.001635
0.000854
0.000838
0.000829
0.000908
0.000832
0.000830
0.000830
0.000860
0.000847
0.000832
0.000832
0.000831
0.000829
0.001368
0.000837
0.000816
0.001160
0.000857
0.001001
0.000840
0.000850
0.000837
0.000828
0.000861
0.000851
0.000827
0.000859
0.000830
0.000827
0.000827
0.000845
0.000827
0.000853
0.000833
0.000845
0.000871
0.001377
0.000850
0.000848
0.000847
0.000831
0.000845
0.000833
0.000848
0.000878
0.000854
0.000849
0.000834
0.000896
0.000847
0.000825
0.000831
0.000844
0.000835
0.000828
0.000844
0.000846
0.000833
0.000835
0.000859
0.000848
0.000883
0.000826
0.000853
0.000829
0.000857
0.001255
0.000829
0.000848
0.000872
0.000829
0.000846
0.000828
0.000855
0.000864
0.000874
0.000829
0.000838
0.000808
0.000829
0.000841
0.000830
0.000831
0.000844
0.000832
0.000839
0.000836
0.000821
0.000900
0.000828
0.000861
0.000853
0.000829
0.000829
0.001500
0.000850
0.000847
0.000829
0.000853
0.000829
0.000848
0.000853
0.000833
0.000839
0.000832
0.000832
0.000850
0.001026
0.000850
0.000850
0.000880
0.000831
0.000832
0.000819
0.000831
0.000827
0.000823
0.001134
0.000860
0.000838
0.000842
0.000844
0.000846
0.000830
0.000865
0.000834
0.001366
0.000850
0.000857
0.000811
0.000933
0.000854
0.000845
0.000825
0.000854
0.000833
0.000968
0.000834
0.000830
0.000847
0.001663
0.000827
0.000855
0.000821
0.000946
0.000825
0.000872
0.000825
0.000861
0.000832
0.000846
0.002030
0.000853
0.000927
0.000834
0.000849
0.000847
0.000849
0.001243
0.000850
0.000846
0.000886
0.001356
0.000832
0.000830
0.000825
0.000863
0.000847
0.000901
0.000831
0.000854
0.000844
0.000855
0.000833
0.000856
0.000847
0.000867
0.000832
0.000912
0.000831
0.000853
0.000843
0.000839
0.000862
0.000855
0.000835
0.000958
0.000900
0.001442
0.000868
0.000835
0.000830
0.000841
0.000847
0.000844
0.000831
0.000863
0.000830
0.000866
0.000823
0.000861
0.000829
0.000926
0.000819
0.000852
0.000825
0.000832
0.000853
0.000823
0.000854
0.000859
0.001448
0.000835
0.000830
0.000829
0.000845
0.000834
0.000848
0.000831
0.000849
0.000831
0.000850
0.000846
0.000849
0.000830
0.000831
0.000844
0.000830
0.000829
0.000901
0.000830
0.000968
0.000824
0.000841
0.000848
0.000829
0.000870
0.000847
0.001242
0.002345
0.002035
0.000854
0.000850
0.000854
0.000879
0.000854
0.000833
0.000826
0.000831
0.000860
0.000851
0.000852
0.000857
0.000828
0.000832
0.000829
0.000824
0.000871
0.000887
0.000888
0.000848
0.000860
0.000851
0.000832
0.000830
0.000867
0.000835
0.000852
0.001443
0.000846
0.000828
0.000836
0.000830
0.001479
0.000832
0.000820
0.000848
0.000826
0.000830
0.000838
0.000831
0.000827
0.000839
0.000829
0.001172
0.002447
0.000862
0.000851
0.000829
0.000858
0.000830
0.000850
0.000863
0.001402
0.000850
0.000821
0.000831
0.000831
0.000838
0.000862
0.000838
0.000835
0.000854
0.000831
0.001323
0.000837
0.000832
0.000856
0.000858
0.000874
0.000863
0.000832
0.000830
0.000826
0.000849
0.000851
0.000830
0.000852
0.000828
0.000867
0.000870
0.000829
0.000858
0.000827
0.000863
0.000827
0.000867
0.000825
0.000895
0.000835
0.000877
0.000851
0.000918
0.000832
0.001227
0.000836
0.000829
0.000856
0.002330
0.001407
0.001447
0.000833
0.000844
0.002411
0.000849
0.000836
0.000837
0.000851
0.000830
0.000835
0.000826
0.000831
0.000823
0.000888
0.000833
0.001131
0.000868
0.000856
0.000913
0.000838
0.000853
0.000830
0.001446
0.000872
0.000857
0.000844
0.000829
0.002365
0.000959
0.000858
0.000830
0.000999
0.000832
0.000860
0.000824
0.000819
0.000833
0.000833
0.000849
0.000929
0.001324
0.000832
