0.000955
0.000903
0.000920
0.000879
0.000890
0.000877
0.000894
0.000879
0.000883
0.000878
0.000932
0.000900
0.000891
0.001206
0.000972
0.000880
0.001496
0.000879
0.000928
0.000881
0.000955
0.000883
0.001531
0.000884
0.000885
0.000900
0.000903
0.000882
0.000902
0.000887
0.000877
0.000880
0.000886
0.000883
0.000877
0.000867
0.000884
0.000885
0.000907
0.000875
0.000897
0.000890
0.000947
0.000886
0.000878
0.000896
0.001459
0.001440
0.000884
0.000936
0.000874
0.000903
0.000883
0.000895
0.000897
0.000885
0.000869
0.000883
0.001423
0.000887
0.000897
0.000928
0.000940
0.000874
0.000886
0.000905
0.000868
0.000873
0.000901
0.000907
0.000896
0.002536
0.001039
0.001312
0.000903
0.000881
0.000895
0.000908
0.000880
0.000906
0.000870
0.000892
0.000916
0.000916
0.000881
0.000911
0.000878
0.001485
0.001545
0.000878
0.000881
0.000874
0.000909
0.000898
0.000886
0.000907
0.000868
0.000883
0.000877
0.000870
0.000923
0.000882
0.000881
0.000887
0.000926
0.000881
0.000897
0.000884
0.000916
0.000881
0.000894
0.000882
0.000881
0.000882
0.000884
0.000903
0.000892
0.000901
0.000905
0.000872
0.000892
0.000872
0.000921
0.000883
0.000870
0.000887
0.000938
0.001576
0.000898
0.000879
0.000895
0.000899
0.002214
0.000876
0.000916
0.000906
0.001402
0.000893
0.000886
0.000879
0.001672
0.000884
0.000873
0.000930
0.000881
0.000880
0.000880
0.000895
0.000887
0.000882
0.000914
0.000896
0.000875
0.000974
0.000888
0.000869
0.000876
0.000885
0.000885
0.000878
0.000874
0.000879
0.000929
0.000875
0.000900
0.000879
0.000962
0.000881
0.000896
0.000919
0.000900
0.000914
0.000896
0.000905
0.000878
0.001603
0.000881
0.000881
0.000900
0.000876
0.000958
0.000883
0.000938
0.001855
0.000887
0.000982
0.000880
0.000882
0.000881
0.000911
0.000884
0.000871
0.000886
0.000903
0.000901
0.000900
0.000897
0.000982
0.001565
0.000882
0.000903
0.000987
0.001109
0.000897
0.000878
0.000872
0.002337
0.000884
0.000884
0.000898
0.001362
0.002331
0.001004
0.000894
0.000931
0.000884
0.000917
0.000881
0.000935
0.000884
0.000872
0.000883
0.000882
0.000900
0.000889
0.000920
0.000915
0.000913
0.000926
0.000913
0.000884
0.000887
0.000891
0.002354
0.001041
0.000869
0.000912
0.000904
0.000881
0.000895
0.000906
0.000882
0.000896
0.000902
0.000924
0.000885
0.000887
0.000916
0.000880
0.000932
0.000888
0.000874
0.000877
0.000952
0.000923
0.000922
0.000885
0.000923
0.000882
0.000873
0.000888
0.001102
0.000904
0.000901
0.000953
0.000950
0.000898
0.000878
0.000888
0.000876
0.000905
0.000904
0.001259
0.000878
0.001874
0.000905
0.000892
0.000890
0.001652
0.000880
0.000884
0.000892
0.001294
0.000881
0.000891
0.000883
0.000899
0.000903
0.000878
0.000882
0.002574
0.000885
0.000902
0.000872
0.000902
0.000880
0.001556
0.000903
0.000896
0.000884
0.000885
0.000921
0.000871
0.000957
0.000883
0.000904
0.000880
0.000938
0.000897
0.000901
0.000875
0.000907
0.000893
0.000905
0.000904
0.000953
0.000903
0.000892
0.000881
0.000906
0.000880
0.000922
0.000899
0.000923
0.000900
0.000897
0.000880
0.000936
0.000883
0.000895
0.000878
0.000890
0.000878
0.000928
0.000898
0.001031
0.000894
0.000914
0.000883
0.000944
0.000879
0.000918
0.000892
0.000899
0.000882
0.000951
0.000882
0.000901
0.000885
0.000918
0.000879
0.000892
0.000880
0.000910
0.000903
0.000914
0.000880
0.000881
0.001035
0.000898
0.000910
0.000950
0.000884
0.002292
0.000953
0.000894
0.000882
0.000890
0.000928
0.000880
0.001084
0.000882
0.000893
0.000885
0.000901
0.000898
0.000906
0.001521
0.001273
0.001044
0.000892
0.000884
0.000885
0.000890
0.000884
0.000864
0.001054
0.000877
0.000880
0.000884
0.001199
0.000940
0.000915
0.000894
0.002362
0.000885
0.000903
0.000902
0.001034
0.000885
0.000960
0.000931
0.000902
0.000912
0.000874
0.001060
0.000897
0.000881
0.000884
0.000884
0.000887
0.000877
0.000894
0.000875
0.000886
0.000977
0.000940
0.000883
0.000943
0.000954
0.000928
0.000878
0.000877
0.000883
0.000899
0.000878
0.000938
0.000881
0.000896
0.000947
0.000921
0.000910
0.000917
0.000899
0.000971
0.000882
0.001062
0.000873
0.000891
0.000888
0.000888
0.000883
0.001213
0.000978
0.000881
0.000894
0.000922
0.000919
0.001201
0.000990
0.000888
0.000922
0.000873
0.000998
0.000929
0.000895
0.001043
0.000897
0.000902
0.000935
0.000877
0.000902
0.000883
0.001072
0.000882
0.000898
0.000903
0.000976
0.000879
0.000904
0.001023
0.001797
0.001474
0.000873
0.000972
0.000884
0.001043
0.000901
0.001298
0.000910
0.000887
0.000893
0.001040
0.000905
0.000869
0.000920
0.000905
0.000901
0.000882
0.000981
0.000897
0.000917
0.001056
0.000879
0.000890
0.002057
0.001931
0.000882
0.000895
0.002235
0.001235
0.001118
0.001473
0.001046
0.000909
0.000899
0.000924
0.001475
0.000901
0.000924
0.001398
0.001571
0.000977
0.000885
0.000903
0.000892
0.000896
0.000867
0.000902
0.000882
0.000968
0.000904
0.000926
0.000881
0.000924
0.000878
0.000928
0.000894
0.000897
0.000918
0.000895
0.000880
0.000930
0.000882
0.000938
0.002354
0.000908
0.000918
0.000909
0.000883
0.000890
0.000884
0.000896
0.000878
0.001666
0.000930
0.000887
0.000935
0.000932
0.000883
0.000899
0.000877
0.000870
0.000878
0.000885
0.000894
0.000927
0.002501
0.000897
0.000879
0.000878
0.000893
0.000906
0.000880
0.000902
0.000909
0.000965
0.000910
0.000902
0.000893
0.000907
0.000935
0.000974
0.000893
0.000928
0.000913
0.000892
0.000882
0.000887
0.001031
0.000969
0.000884
0.000943
0.000903
0.000910
0.000909
0.000889
0.000893
0.000899
0.000878
0.000882
0.001461
0.001086
0.000880
0.001533
0.000882
0.000878
0.000898
0.000903
0.000890
0.001643
0.002495
0.002021
0.001303
0.001048
0.000907
0.001448
0.000974
0.000890
0.000889
0.001053
0.000899
0.001668
0.000915
0.002294
0.000903
0.000886
0.001810
0.000897
0.000903
0.000944
0.000945
0.001217
0.000940
0.000991
0.000908
0.000877
0.000880
0.000991
0.000880
0.001186
0.000904
0.000890
0.001459
0.001040
0.000939
0.001839
0.000935
0.000940
0.000890
0.001051
0.000894
0.001474
0.001064
0.000912
0.000888
0.000918
0.000934
0.000903
0.000912
0.000906
0.000906
0.000908
0.001064
0.001176
0.000924
0.001440
0.000894
0.000906
0.001090
0.001315
0.000971
0.001493
0.001576
0.000925
0.000884
0.000901
0.000965
0.000906
0.000956
0.001057
0.000939
0.000890
0.001391
0.001039
0.001267
0.000943
0.001203
0.000929
0.000899
0.000888
0.000921
0.000991
0.000884
0.000893
0.000887
0.001606
0.000904
0.001046
0.000895
0.000937
0.000888
0.000892
0.001460
0.001030
0.000977
0.000910
0.000916
0.000888
0.000915
0.000887
0.001563
0.001578
0.000873
0.000899
0.000893
0.000980
0.000928
0.000911
0.000915
0.000926
0.001442
0.001465
0.000927
0.000875
0.001450
0.001028
0.000903
0.000958
0.001014
0.000881
0.000884
0.001044
0.001530
0.001100
0.001729
0.001438
0.001043
0.001061
0.001247
0.001559
0.000891
0.000906
0.000913
0.000959
0.000890
0.001027
0.000909
0.001050
0.000955
0.000888
0.001587
0.000931
0.001740
0.000946
0.000888
0.000870
0.001104
0.001116
0.000923
0.000941
0.001280
0.000923
0.000926
0.000919
0.000871
0.000910
0.001486
0.000963
0.001009
0.000890
0.000919
0.000884
0.001588
0.001603
0.000911
0.000918
0.000885
0.000894
0.000903
0.001582
0.000883
0.000896
0.000879
0.000936
0.001091
0.000889
0.000884
0.000879
0.000876
0.000905
0.000879
0.001056
0.000915
0.000893
0.000951
0.000886
0.000952
0.000878
0.000953
0.000881
0.000925
0.001042
0.000905
0.002242
0.000912
0.000883
0.000890
0.000928
0.000922
0.000906
0.001043
0.000882
0.000919
0.001614
0.000913
0.000883
0.000895
0.000883
0.000908
0.000884
0.000936
0.000913
0.000985
0.000912
0.001565
0.001032
0.000907
0.000879
0.000898
0.000893
0.001547
0.000879
0.000915
0.000883
0.000879
0.001079
0.000866
0.000944
0.001564
0.000885
0.000888
0.001568
0.000901
0.000930
0.000922
0.001243
0.000906
0.000931
0.000877
0.000881
0.001053
0.000920
0.000872
0.000984
0.000888
0.000889
0.001456
0.000929
0.000902
0.000887
0.000900
0.000915
0.001011
0.000883
0.001228
0.001021
0.000904
0.000899
0.000895
0.000874
0.000878
0.000976
0.000894
0.000906
0.000876
0.000890
0.000878
0.000904
0.001043
0.000906
0.000879
0.000918
0.000956
0.000902
0.001049
0.000890
0.001684
0.000908
0.001196
0.000900
0.000882
0.000941
0.000886
0.000963
0.000882
0.000935
0.000886
0.000921
0.000881
0.000979
0.001032
0.000899
0.000925
0.000937
0.000890
0.001593
0.001044
0.000883
0.000911
0.000942
0.000900
0.001389
0.000935
0.000907
0.000899
0.000909
0.000888
0.000903
0.000876
0.001061
0.000883
0.001124
0.000908
0.000882
0.000902
0.001047
0.001232
0.000939
0.000907
0.001562
0.000885
0.000886
0.000890
0.000937
0.001236
0.000879
0.000892
0.000900
0.000885
0.000874
0.000933
0.001307
0.000920
0.000881
0.000890
0.000906
0.000921
0.001946
0.000883
0.000880
0.000884
0.000882
0.000903
0.000894
0.000886
0.000896
0.000873
0.000885
0.000878
0.000881
0.001131
0.000876
0.001262
0.001065
0.000882
0.000904
0.000904
0.000933
0.001578
0.000895
0.001181
0.000887
0.000915
0.000873
0.000907
0.000902
0.001098
0.001062
0.000888
0.001280
0.001320
0.000887
0.000905
0.001010
0.000951
0.000913
0.001056
0.000910
0.000928
0.001252
0.001145
0.000909
0.001165
0.001460
0.000888
0.001262
0.001359
0.000905
0.000909
0.001196
0.000908
0.000885
0.001769
0.000893
0.000889
0.001091
0.000884
0.000923
0.001025
0.002332
0.000900
0.001597
0.000934
0.001397
0.000893
0.002238
0.000882
0.000900
0.000888
0.000884
0.001515
0.001124
0.000877
0.000898
0.000894
0.001358
0.000889
0.000902
0.001593
0.001475
0.001492
0.000919
0.001213
0.000917
0.000942
0.001431
0.000894
0.001598
0.000900
0.000919
0.000874
0.000881
0.000907
0.001653
0.000878
0.001578
0.001064
0.001271
0.000925
0.001174
0.000901
0.001435
0.000875
0.001209
0.000890
0.000906
0.000908
0.000889
0.000928
0.000874
0.000949
0.000889
0.001470
0.000924
0.001236
0.000924
0.001473
0.000924
0.000892
0.001457
0.000883
0.000959
0.000912
0.001608
0.000882
0.000911
0.000903
0.000978
0.001156
0.000908
0.000918
0.000927
0.000900
0.001077
0.000926
0.000909
0.001363
0.000889
0.000887
0.000925
0.000920
0.000921
0.000908
0.001509
0.000896
0.000875
0.001456
0.000892
0.000882
0.001332
0.000882
0.001604
0.000909
0.000920
0.001002
0.000920
0.000978
0.000882
0.000945
0.001679
0.000921
0.000888
0.001630
0.000915
0.000898
0.001620
0.001321
0.000891
0.000928
0.000890
0.000881
0.000880
0.000893
0.001004
0.001185
0.001316
0.000889
0.001451
0.000930
0.000890
0.000905
0.001230
0.000893
0.000914
0.000892
0.000987
0.000924
0.001206
0.000885
0.000892
0.001235
0.001173
0.000883
0.001302
0.001352
0.000911
0.001372
0.001044
0.000905
0.001820
0.000888
0.000899
0.000886
0.001284
0.000880
0.001180
0.000929
0.000911
0.000900
0.000875
0.000904
0.001564
0.001586
0.000887
0.001179
0.000887
0.001459
0.000977
0.000909
0.001484
0.000887
0.000909
0.001578
0.001012
0.000918
0.002250
0.000931
0.000909
0.000912
0.000890
0.001458
0.000885
0.001361
0.001151
0.001218
0.000880
0.000928
0.000880
0.001585
0.000896
0.001905
0.000883
0.000875
0.000917
0.000882
0.000912
0.000934
0.001318
0.001124
0.000927
0.000913
0.000872
0.001504
0.000929
0.001393
0.000889
0.000884
0.001694
0.000926
0.000907
0.001703
0.001249
0.000917
0.000917
0.000931
0.001301
0.001268
0.001154
0.000985
0.001503
0.000899
0.000908
0.000901
0.000910
0.000873
0.000937
0.000882
0.000933
0.001613
0.001152
0.000880
0.000879
0.000877
0.000882
0.000941
0.001618
0.001119
0.002079
0.001078
0.000883
0.000939
0.000883
0.001789
0.001053
0.001027
0.000873
0.000921
0.001188
0.000892
0.001434
0.000877
0.000907
0.001437
0.001165
0.001346
0.000870
0.000903
0.000903
0.000907
0.000889
0.000902
0.000888
0.000919
0.000873
0.000873
0.000883
0.000894
0.000968
0.000910
0.001611
0.001283
0.000880
0.000906
0.000926
0.000939
0.000882
0.000909
0.001136
0.000887
0.001525
0.000888
0.000900
0.001044
0.000905
0.001262
0.001152
0.000904
0.000891
0.000893
0.001092
0.000948
0.000897
0.000905
0.001239
0.000926
0.000894
0.001368
0.001232
0.000901
0.000876
0.001672
0.001269
0.001120
0.000879
0.000883
0.000885
0.000882
0.000910
0.001125
0.001298
0.001612
0.000906
0.000884
0.000882
0.000896
0.001430
0.001462
0.001620
0.001653
0.000883
0.000873
0.000959
0.000914
0.001217
0.001238
0.001473
0.001228
0.001444
0.001219
0.000915
0.001684
0.001302
0.000886
0.001527
0.000902
0.001601
0.001343
0.001110
0.001051
0.000906
0.000894
0.000883
0.000889
0.000904
0.000899
0.000881
0.000985
0.000890
0.001052
0.000913
0.000912
0.000879
0.001000
0.000890
0.000947
0.001155
0.000877
0.001579
0.000884
0.000889
0.000890
0.000999
0.000944
0.000913
0.001303
0.000911
0.001449
0.000926
0.001552
0.000890
0.000885
0.000875
0.001352
0.001577
0.000899
0.001068
0.000923
0.000922
0.000906
0.000911
0.000924
0.000926
0.000885
0.001662
0.001585
0.000901
0.001063
0.001672
0.000888
0.001612
0.000903
0.001355
0.000889
0.001783
0.002165
0.000944
0.001435
0.000885
0.000916
0.001721
0.000977
0.001335
0.000885
0.001054
0.000939
0.001802
0.000891
0.000916
0.001483
0.001267
0.000906
0.000916
0.000901
0.000930
0.000901
0.001183
0.000925
0.001654
0.000909
0.000915
0.000880
0.000916
0.000876
0.000904
0.000880
0.000927
0.000880
0.000922
0.000895
0.000904
0.000878
0.000912
0.000880
0.000906
0.000907
0.000901
0.000891
0.000894
0.000880
0.000916
0.000886
0.000903
0.000881
0.000881
0.001364
0.001327
0.001087
0.000883
0.001507
0.000879
0.000892
0.000902
0.001428
0.000879
0.000898
0.000900
0.000876
0.000879
0.000883
0.000918
0.000899
0.000879
0.000915
0.000880
0.000897
0.000874
0.001473
0.000909
0.000916
0.000877
0.000923
0.000881
0.000950
0.000899
0.000897
0.000883
0.000948
0.000879
0.000903
0.000892
0.000904
0.000892
0.000953
0.000885
0.000968
0.000878
0.000892
0.000878
0.000898
0.000883
0.000917
0.000881
0.000937
0.000887
0.000902
0.000882
0.000958
0.001087
0.000900
0.000882
0.000886
0.000879
0.001280
0.000918
0.000883
0.000891
0.000881
0.000881
0.000887
0.001513
0.000872
0.000903
0.000916
0.000899
0.000880
0.000935
0.000887
0.001081
0.000881
0.000901
0.000904
0.000903
0.000881
0.000987
0.001172
0.000883
0.000898
0.000884
0.001502
0.001707
0.000891
0.001119
0.000873
0.000878
0.000888
0.000889
0.000874
0.001152
0.001134
0.000886
0.000884
0.000916
0.000911
0.000938
0.001076
0.001355
0.000878
0.000886
0.000880
0.000881
0.000906
0.000883
0.000889
0.000933
0.000902
0.000888
0.000900
0.000898
0.000905
0.001039
0.001211
0.000892
0.000891
0.000875
0.000939
0.000872
0.000907
0.000881
0.000914
0.000880
0.000911
0.000885
0.000898
0.001843
0.000888
0.000940
0.000904
0.000903
0.002302
0.000896
0.000887
0.000876
0.001347
0.000929
0.000881
0.000926
0.000896
0.001083
0.000895
0.000899
0.000885
0.000897
0.000901
0.002525
0.000880
0.000902
0.000880
0.000912
0.000906
0.000914
0.000879
0.000906
0.000985
0.000914
0.000920
0.000886
0.000887
0.001518
0.000933
0.000884
0.000870
0.000867
0.000895
0.000884
0.000916
0.000885
0.000934
0.000959
0.001467
0.000876
0.000883
0.001166
0.000895
0.000914
0.001081
0.001225
0.000888
0.000912
0.001191
0.000899
0.000906
0.000914
0.000927
0.000904
0.000977
0.000873
0.000884
0.000910
0.000915
0.000881
0.000907
0.000880
0.000912
0.000880
0.000941
0.000885
0.000882
0.000916
0.002541
0.000945
0.000988
0.000878
0.000914
0.000857
0.000882
0.000878
0.000912
0.000904
0.000904
0.000888
0.000917
0.000917
0.001510
0.000893
0.000875
0.000873
0.000883
0.000878
0.000879
0.000934
0.000902
0.000909
0.000927
0.000885
0.000890
0.000885
0.000927
0.000876
0.000928
0.000880
0.000907
0.000882
0.000916
0.000926
0.001554
0.000889
0.001437
0.000899
0.000900
0.000951
0.000868
0.000921
0.001216
0.000922
0.000883
0.000884
0.001812
0.000883
0.000909
0.000880
0.000949
0.000894
0.000897
0.001162
0.000884
0.000901
0.000891
0.000884
0.000910
0.000881
0.000896
0.001112
0.000878
0.000880
0.000900
0.000881
0.000893
0.000884
0.000907
0.000903
0.000928
0.000882
0.001400
0.001081
0.000901
0.000871
0.000902
0.000904
0.000871
0.000906
0.000923
0.000940
0.000886
0.000879
0.000894
0.000914
0.000891
0.000933
0.000932
0.000906
0.001308
0.000902
0.000898
0.000945
0.000876
0.000905
0.000876
0.000904
0.000884
0.000884
0.000968
0.000957
0.000897
0.000896
0.000872
0.000918
0.000897
0.000902
0.000890
0.000885
0.000911
0.001212
0.000886
0.001146
0.000911
0.001457
0.000906
0.001470
0.000934
0.001194
0.000903
0.002627
0.001174
0.000893
0.001160
0.002373
0.000924
0.000903
0.001417
0.000933
0.002103
0.000882
0.001555
0.000935
0.001415
0.000915
0.000884
0.000916
0.001266
0.000886
0.001618
0.000937
0.001053
0.001185
0.000900
0.001151
0.000907
0.001588
0.000898
0.001230
0.000923
0.001345
0.000885
0.000889
0.000903
0.001403
0.001123
0.000875
0.000878
0.001126
0.001565
0.000884
0.001563
0.000904
0.001479
0.001644
0.000892
0.001530
0.001374
0.001055
0.001054
0.001034
0.001471
0.001078
0.000917
0.001579
0.001341
0.000988
0.001128
0.001597
0.001448
0.001343
0.001067
0.000912
0.000911
0.000906
0.001625
0.001339
0.000954
0.001565
0.002324
0.000884
0.000873
0.000905
0.000928
0.001459
0.000897
0.001533
0.000886
0.001314
0.001245
0.000899
0.000913
0.001394
0.000895
0.000920
0.000875
0.001211
0.000882
0.001591
0.001399
0.000914
0.000905
0.001019
0.001182
0.001979
0.000935
0.000909
0.001098
0.001026
0.001055
0.001473
0.000886
0.000875
0.000881
0.000907
0.001449
0.001359
0.001146
0.000876
0.001937
0.001469
0.001054
0.001436
0.000901
0.000899
0.001205
0.001164
0.000974
0.000954
0.000887
0.001503
0.000892
0.000900
0.001684
0.001592
0.000921
0.000876
0.001128
0.001565
0.000901
0.000916
0.000911
0.001574
0.001494
0.001327
0.000924
0.000885
0.001559
0.000894
0.000901
0.000993
0.000900
0.000961
0.001214
0.000884
0.000898
0.001284
0.000884
0.000933
0.001273
0.000896
0.000874
0.000881
0.002073
0.000878
0.000887
0.001229
0.000897
0.001436
0.000923
0.001159
0.000897
0.001439
0.000915
0.001046
0.000888
0.001632
0.000899
0.000888
0.001068
0.000886
0.001826
0.000965
0.001153
0.000890
0.001878
0.000912
0.000948
0.001534
0.000887
0.000921
0.001593
0.000941
0.000923
0.001267
0.000884
0.000926
0.001264
0.000884
0.000903
0.001127
0.000947
0.001487
0.000898
0.001191
0.000873
0.000906
0.000886
0.000905
0.001432
0.000913
0.001488
0.000941
0.000908
0.000873
0.001191
0.000904
0.001487
0.000927
0.001256
0.000931
0.001142
0.000905
0.001455
0.000936
0.000920
0.001035
0.000894
0.000881
0.001203
0.000887
0.000886
0.000880
0.000918
0.000882
0.001536
0.000885
0.001431
0.000962
0.001235
0.000885
0.001539
0.001279
0.001432
0.000909
0.001455
0.000920
0.001482
