0.000858
0.000488
0.000493
0.000511
0.000492
0.000512
0.000903
0.001529
0.000492
0.000502
0.000502
0.000486
0.000510
0.000658
0.000494
0.000485
0.000490
0.000510
0.000492
0.000485
0.000493
0.000528
0.000522
0.000485
0.000489
0.000503
0.001231
0.000698
0.001160
0.000931
0.001143
0.001196
0.000515
0.000793
0.000494
0.000493
0.000512
0.000499
0.001437
0.000497
0.000802
0.000494
0.000948
0.000622
0.001054
0.000491
0.001178
0.000692
0.000508
0.000599
0.000936
0.000643
0.001348
0.000524
0.000510
0.000692
0.000513
0.000496
0.000735
0.000494
0.000487
0.000524
0.000639
0.001314
0.000502
0.000510
0.000493
0.000822
0.000582
0.000503
0.000897
0.000582
0.000486
0.000495
0.001167
0.000619
0.000498
0.001264
0.000536
0.000903
0.001102
0.000501
0.000493
0.000522
0.000498
0.000499
0.000746
0.000630
0.001258
0.000511
0.000511
0.000540
0.001039
0.000635
0.001343
0.000493
0.000790
0.000522
0.000532
0.001296
0.000494
0.000519
0.000492
0.000972
0.000649
0.000492
0.000637
0.000517
0.000492
0.000500
0.000506
0.000511
0.000506
0.000492
0.001063
0.000491
0.001113
0.000507
0.000486
0.000990
0.000612
0.001343
0.000489
0.000985
0.000501
0.000494
0.000859
0.000559
0.000493
0.001396
0.000524
0.000490
0.001156
0.001471
0.000491
0.000668
0.001051
0.000660
0.001321
0.000510
0.000550
0.000927
0.001414
0.000496
0.000817
0.000530
0.000924
0.000495
0.000504
0.000493
0.000488
0.000519
0.000491
0.000506
0.000506
0.000674
0.000548
0.000487
0.000495
0.000512
0.000487
0.000493
0.000492
0.000529
0.000603
0.000527
0.001001
0.000499
0.000508
0.000518
0.000491
0.000530
0.000525
0.000500
0.000868
0.000491
0.000926
0.000792
0.000512
0.000494
0.000495
0.000907
0.000536
0.000494
0.000492
0.000515
0.000494
0.000524
0.000505
0.000503
0.000497
0.000857
0.000481
0.000510
0.000514
0.000488
0.000495
0.000540
0.001188
0.000509
0.000514
0.000726
0.000509
0.000491
0.000489
0.000503
0.000494
0.000491
0.001023
0.000520
0.000835
0.000496
0.000728
0.000517
0.000662
0.000492
0.000498
0.000499
0.000494
0.001081
0.000622
0.001493
0.000572
0.000490
0.000946
0.000524
0.000539
0.000497
0.001210
0.000492
0.000494
0.000561
0.001131
0.000666
0.000571
0.000488
0.000530
0.000493
0.000712
0.000486
0.001137
0.000676
0.001115
0.000513
0.000901
0.000550
0.001598
0.000498
0.000533
0.000495
0.000902
0.000775
0.000495
0.000486
0.000771
0.000815
0.001090
0.000499
0.000493
0.000491
0.000937
0.000666
0.000508
0.000494
0.000928
0.000521
0.000489
0.001009
0.000523
0.000496
0.000497
0.000510
0.000495
0.000528
0.000500
0.000494
0.000494
0.000507
0.000494
0.000495
0.000493
0.000495
0.000494
0.000512
0.000589
0.001029
0.000497
0.000873
0.000489
0.000758
0.000520
0.000485
0.000528
0.000868
0.000636
0.000490
0.000491
0.000495
0.000819
0.000525
0.000493
0.000511
0.000486
0.000865
0.000663
0.000491
0.000495
0.000535
0.000494
0.000566
0.000495
0.000999
0.000489
0.000857
0.000637
0.000501
0.000700
0.000491
0.000491
0.000493
0.001109
0.000510
0.000503
0.001794
0.000507
0.000506
0.000838
0.000490
0.000957
0.000487
0.000498
0.000508
0.000495
0.000863
0.000497
0.000498
0.000748
0.000749
0.000520
0.000494
0.000487
0.000671
0.000498
0.000492
0.000531
0.000497
0.001038
0.000614
0.000493
0.000491
0.000879
0.000491
0.000492
0.000684
0.000495
0.000926
0.000508
0.000498
0.000514
0.000520
0.000490
0.001251
0.000688
0.000496
0.000497
0.000517
0.000761
0.000497
0.000493
0.000871
0.000490
0.000494
0.000491
0.000490
0.001111
0.000491
0.000495
0.000692
0.001051
0.000590
0.000505
0.001049
0.000609
0.001077
0.000787
0.000674
0.000510
0.000636
0.000509
0.000508
0.000981
0.001424
0.000491
0.000573
0.000494
0.000493
0.000619
0.000758
0.000492
0.000853
0.000668
0.000722
0.000496
0.001306
0.000495
0.000489
0.000537
0.001031
0.000499
0.000486
0.000488
0.000485
0.001068
0.000586
0.000491
0.000490
0.000494
0.000494
0.000516
0.000486
0.000492
0.000499
0.000498
0.000532
0.000518
0.000520
0.000509
0.000492
0.000493
0.000494
0.000513
0.000502
0.000621
0.000491
0.000487
0.000488
0.000484
0.000524
0.000490
0.000493
0.000537
0.000499
0.000511
0.000502
0.000484
0.000490
0.000561
0.000492
0.000482
0.000485
0.000489
0.000511
0.000528
0.000987
0.000497
0.000494
0.000497
0.000498
0.000497
0.000490
0.000715
0.001088
0.000537
0.000538
0.000492
0.000491
0.000494
0.000492
0.000512
0.000498
0.000577
0.000513
0.000494
0.000497
0.000507
0.000554
0.000499
0.000494
0.000498
0.000497
0.000535
0.000494
0.000511
0.000491
0.000491
0.000489
0.000491
0.000521
0.000505
0.000492
0.000518
0.000492
0.000504
0.000489
0.000509
0.000488
0.000508
0.000781
0.001277
0.000516
0.000493
0.000489
0.000491
0.000514
0.000488
0.000490
0.000488
0.000494
0.000587
0.000593
0.000495
0.000502
0.000520
0.000491
0.000508
0.000522
0.000506
0.000504
0.000492
0.001143
0.000508
0.000939
0.000545
0.000501
0.001055
0.000908
0.001108
0.000547
0.000501
0.000493
0.000961
0.000689
0.001151
0.001164
0.000632
0.001357
0.000494
0.000497
0.000540
0.000496
0.000518
0.000496
0.000490
0.000494
0.000492
0.000984
0.000625
0.000511
0.000487
0.000790
0.000510
0.000515
0.000497
0.000486
0.000823
0.000508
0.000492
0.000776
0.000500
0.000731
0.000824
0.000541
0.000533
0.000489
0.000514
0.000512
0.001360
0.000492
0.000506
0.000998
0.000638
0.001277
0.000486
0.000499
0.000508
0.000489
0.000506
0.000494
0.000491
0.000504
0.000512
0.000494
0.000537
0.000492
0.000497
0.000483
0.000507
0.000490
0.001140
0.000502
0.001209
0.000517
0.000493
0.000503
0.000485
0.000505
0.000490
0.000509
0.000497
0.000511
0.000489
0.000674
0.001005
0.000640
0.000506
0.000500
0.000491
0.000488
0.000491
0.000505
0.000506
0.000492
0.000492
0.000569
0.000867
0.000495
0.000520
0.000521
0.000688
0.000484
0.000541
0.001288
0.000508
0.000911
0.000494
0.000513
0.000503
0.001114
0.000505
0.000499
0.001109
0.000490
0.000490
0.000490
0.001064
0.001047
0.000490
0.000498
0.000488
0.000533
0.000487
0.000495
0.000501
0.000487
0.000505
0.000497
0.000586
0.000719
0.000489
0.000494
0.000512
0.000506
0.000490
0.000494
0.000492
0.000491
0.000534
0.000510
0.000996
0.000495
0.000493
0.000481
0.000504
0.000495
0.000496
0.000487
0.000732
0.000502
0.000530
0.000693
0.000639
0.000495
0.000490
0.000497
0.000529
0.000890
0.000519
0.000489
0.000486
0.000496
0.000962
0.000630
0.000491
0.000572
0.000518
0.000509
0.000516
0.000495
0.000481
0.000493
0.000491
0.000510
0.000873
0.000500
0.000522
0.000488
0.000539
0.000497
0.000495
0.000510
0.000493
0.000490
0.000513
0.000516
0.001100
0.000490
0.000528
0.000508
0.000485
0.000505
0.000497
0.000518
0.000506
0.000491
0.000554
0.000524
0.000616
0.000493
0.000559
0.000491
0.000492
0.000490
0.000485
0.000508
0.000494
0.000507
0.000495
0.000502
0.000503
0.000512
0.001079
0.000491
0.000500
0.000504
0.000512
0.000513
0.000493
0.000499
0.000498
0.000491
0.000507
0.001147
0.000572
0.000938
0.000508
0.000503
0.001010
0.000501
0.000881
0.001367
0.000839
0.000539
0.000489
0.000488
0.000492
0.000490
0.000491
0.000515
0.000501
0.000489
0.000509
0.000495
0.000525
0.000491
0.000496
0.000492
0.000514
0.000517
0.000604
0.000504
0.001014
0.000492
0.000510
0.000508
0.000511
0.000492
0.000496
0.000794
0.000491
0.000486
0.000948
0.000492
0.000486
0.000491
0.000497
0.001083
0.000549
0.000490
0.000485
0.000531
0.000490
0.000536
0.000500
0.000502
0.000512
0.000518
0.000491
0.000490
0.000505
0.000506
0.000484
0.000504
0.000501
0.000485
0.000569
0.001014
0.000539
0.000494
0.000509
0.000494
0.000486
0.000491
0.000485
0.000496
0.000505
0.000537
0.000999
0.000585
0.000495
0.000502
0.000484
0.000511
0.000488
0.000485
0.000758
0.000498
0.000517
0.000977
0.000516
0.000488
0.000486
0.000493
0.000490
0.000480
0.000649
0.000548
0.000504
0.000502
0.000535
0.000508
0.000526
0.000496
0.000489
0.001110
0.000498
0.000496
0.000497
0.000489
0.000524
0.000988
0.000522
0.000518
0.000560
0.000484
0.000490
0.000491
0.000507
0.000492
0.000486
0.000491
0.000533
0.000877
0.000516
0.000507
0.000494
0.000489
0.000506
0.000490
0.000489
0.000506
0.000491
0.000485
0.000522
0.000846
0.000503
0.000496
0.000489
0.000492
0.000507
0.000508
0.000492
0.000486
0.000505
0.000496
0.000490
0.000944
0.000497
0.000507
0.000487
0.000496
0.000489
0.000491
0.000498
0.000528
0.000534
0.000495
0.000488
0.000495
0.000498
0.000508
0.000492
0.001189
0.001159
0.000492
0.000495
0.000491
0.000486
0.000494
0.001277
0.000596
0.000514
0.000780
0.000513
0.000494
0.000509
0.000483
0.000495
0.000504
0.000515
0.000519
0.000500
0.000492
0.000508
0.000503
0.000489
0.000994
0.000490
0.001079
0.000521
0.001199
0.000510
0.000496
0.000500
0.000514
0.000488
0.000489
0.000518
0.000505
0.001081
0.000511
0.001091
0.000493
0.000487
0.000482
0.000496
0.000486
0.001005
0.000493
0.000494
0.000484
0.000525
0.000868
0.000496
0.000493
0.000493
0.000495
0.000513
0.000614
0.000492
0.000494
0.000494
0.000494
0.000880
0.000520
0.000505
0.000499
0.000491
0.000492
0.000508
0.000493
0.000484
0.000491
0.000485
0.000516
0.000846
0.000512
0.000497
0.000549
0.000493
0.000492
0.000505
0.000492
0.000491
0.000494
0.000503
0.000490
0.000849
0.000605
0.000509
0.000488
0.000507
0.000490
0.000484
0.000503
0.000544
0.000490
0.000495
0.000493
0.000495
0.000531
0.000885
0.000491
0.000505
0.000495
0.000490
0.000658
0.000508
0.000507
0.000507
0.000515
0.000489
0.000490
0.000521
0.000490
0.000489
0.000490
0.001224
0.000517
0.000500
0.000486
0.000489
0.000511
0.000486
0.000501
0.000508
0.001359
0.000508
0.000498
0.000487
0.000506
0.000486
0.000488
0.000490
0.000507
0.000508
0.000494
0.000508
0.000510
0.000494
0.000509
0.000510
0.000494
0.000490
0.001518
0.000497
0.000491
0.000496
0.000486
0.000494
0.000484
0.000511
0.000491
0.000491
0.000490
0.000488
0.000557
0.001128
0.000660
0.000506
0.000490
0.000491
0.000511
0.000492
0.000491
0.000489
0.000486
0.000506
0.000492
0.000520
0.000504
0.000493
0.000488
0.000487
0.000513
0.000490
0.000490
0.000508
0.000510
0.000491
0.000488
0.000487
0.000497
0.000491
0.000493
0.000490
0.000511
0.000487
0.000496
0.000508
0.000500
0.000493
0.000488
0.000494
0.000520
0.000513
0.000488
0.000519
0.000508
0.000491
0.000505
0.000491
0.000498
0.000664
0.000904
0.000490
0.000488
0.000486
0.000488
0.000499
0.000488
0.000488
0.000508
0.000488
0.000491
0.000489
0.000487
0.000510
0.000482
0.000498
0.000492
0.000490
0.000491
0.000517
0.000513
0.000508
0.000517
0.000506
0.000511
0.000492
0.000491
0.000491
0.000490
0.000506
0.000510
0.000491
0.000507
0.000520
0.000488
0.000489
0.000551
0.000505
0.000485
0.000493
0.000490
0.000488
0.000486
0.000491
0.000489
0.000509
0.000492
0.000516
0.000489
0.000489
0.000529
0.000508
0.000508
0.000487
0.000490
0.000496
0.000486
0.000486
0.000495
0.000485
0.000508
0.000570
0.000509
0.000489
0.000493
0.000486
0.000489
0.000482
0.000490
0.000506
0.000485
0.000489
0.000509
0.001079
0.001096
0.000508
0.000516
0.000494
0.000489
0.000497
0.000490
0.000584
0.001148
0.000514
0.000488
0.000498
0.000561
0.000493
0.000501
0.000492
0.000491
0.000543
0.000487
0.000504
0.000506
0.000492
0.000507
0.000490
0.000489
0.000503
0.000512
0.000494
0.000493
0.000491
0.000488
0.000515
0.000495
0.000500
0.000490
0.000493
0.000488
0.000508
0.000483
0.000485
0.000494
0.000506
0.000484
0.000502
0.000496
0.000508
0.000485
0.000500
0.000494
0.000490
0.000484
0.000493
0.000504
0.000490
0.000501
0.000490
0.000493
0.000502
0.000486
0.000503
0.000485
0.000490
0.000526
0.000495
0.000495
0.000497
0.001184
0.000493
0.000491
0.000494
0.000481
0.000485
0.000499
0.000508
0.000499
0.000509
0.000501
0.000493
0.000488
0.000487
0.000605
0.000488
0.000488
0.000508
0.000491
0.000508
0.000492
0.000499
0.000487
0.000475
0.000490
0.000506
0.000491
0.000507
0.000491
0.000494
0.000498
0.000501
0.000496
0.000494
0.000483
0.001265
0.000493
0.000511
0.000491
0.000490
0.000490
0.000489
0.000492
0.000491
0.000490
0.000539
0.000493
0.000476
0.000505
0.000491
0.000491
0.000485
0.000511
0.000484
0.000490
0.000496
0.000496
0.000508
0.000501
0.000521
0.000509
0.000491
0.000570
0.000486
0.000488
0.000512
0.000482
0.000514
0.000489
0.000509
0.000493
0.000492
0.000512
0.000485
0.000504
0.000493
0.001199
0.000504
0.000496
0.000485
0.000497
0.000488
0.000477
0.000490
0.000534
0.000489
0.000492
0.000514
0.000490
0.000508
0.000509
0.000505
0.000511
0.000505
0.000504
0.000484
0.000483
0.000489
0.000519
0.000485
0.000525
0.001106
0.000653
0.000503
0.000503
0.000491
0.000492
0.000488
0.000496
0.000486
0.000528
0.000484
0.000483
0.000507
0.000491
0.000492
0.000491
0.000491
0.000509
0.000514
0.000490
0.000514
0.000492
0.000490
0.000522
0.000492
0.000507
0.000493
0.000491
0.000495
0.000502
0.000490
0.000490
0.000491
0.000522
0.000492
0.000489
0.000500
0.000509
0.000496
0.000507
0.000495
0.000516
0.000485
0.000510
0.000487
0.000515
0.000487
0.000530
0.000490
0.000501
0.000512
0.000506
0.000489
0.000506
0.000511
0.000503
0.000543
0.000505
0.000833
0.000501
0.000494
0.000504
0.000509
0.000534
0.000486
0.000486
0.000533
0.000492
0.000490
0.000490
0.000488
0.000487
0.000488
0.000499
0.000511
0.001316
0.000733
0.000517
0.000494
0.000496
0.000490
0.000507
0.000488
0.000508
0.000508
0.000507
0.000848
0.000492
0.001090
0.000490
0.000495
0.000489
0.000497
0.000495
0.000489
0.000485
0.000484
0.000897
0.000488
0.000489
0.000504
0.000505
0.000496
0.000506
0.000562
0.000487
0.000491
0.000504
0.000490
0.000494
0.000493
0.000484
0.000489
0.000494
0.000511
0.000494
0.000491
0.000487
0.000490
0.000488
0.000489
0.000490
0.000486
0.000507
0.000490
0.000508
0.000490
0.000507
0.000493
0.000488
0.000510
0.001236
0.000490
0.000529
0.000512
0.000483
0.000491
0.000498
0.000493
0.000485
0.000498
0.000525
0.000506
0.000499
0.000504
0.000494
0.000489
0.000490
0.000502
0.000529
0.000503
0.000484
0.000509
0.000486
0.000490
0.001230
0.000499
0.000492
0.000493
0.001167
0.000490
0.000508
0.001059
0.000525
0.000514
0.001371
0.000491
0.000897
0.000486
0.000497
0.000496
0.000507
0.000799
0.000535
0.000512
0.000488
0.000497
0.000495
0.000486
0.000498
0.000492
0.000529
0.000491
0.000492
0.000490
0.000489
0.000516
0.000491
0.000490
0.000536
0.000822
0.000496
0.000483
0.000488
0.000489
0.000495
0.001232
0.000652
0.000498
0.000519
0.000493
0.000620
0.001127
0.001009
0.000491
0.000490
0.000495
0.000493
0.000495
0.000492
0.000509
0.000492
0.000490
0.000544
0.000506
0.000487
0.001267
0.000494
0.000494
0.000488
0.000490
0.000493
0.000512
0.000492
0.000484
0.000500
0.000557
0.000497
0.000501
0.000491
0.000502
0.000491
0.000520
0.000505
0.000490
0.000512
0.000486
0.000480
0.000491
0.000509
0.000537
0.000489
0.000508
0.000507
0.000492
0.000489
0.000529
0.000505
0.000490
0.000508
0.000491
0.000491
0.000510
0.000520
0.000551
0.000495
0.000501
0.000494
0.000487
0.000490
0.000490
0.000490
0.000484
0.000486
0.000485
0.000506
0.000482
0.000492
0.000942
0.000485
0.000487
0.000507
0.000500
0.000489
0.000517
0.000508
0.000490
0.000491
0.000494
0.000500
0.001638
0.000842
0.000493
0.000519
0.000512
0.000488
0.000484
0.000508
0.000485
0.000533
0.001032
0.000564
0.000506
0.000489
0.000490
0.000484
0.000511
0.000493
0.000497
0.000487
0.000491
0.000490
0.000507
0.000516
0.000494
0.000493
0.000494
0.000490
0.000502
0.000487
0.000492
0.000497
0.000503
0.000511
0.000492
0.000548
0.000503
0.000498
0.001028
0.000499
0.000497
0.000495
0.000489
0.000491
0.000506
0.000493
0.001095
0.000533
0.000508
0.000489
0.000521
0.000511
0.000494
0.000495
0.000493
0.000498
0.000502
0.000494
0.000536
0.000496
0.001149
0.000506
0.000527
0.000490
0.000488
0.000535
0.000508
0.000490
0.000487
0.000481
0.000499
0.001067
0.000484
0.000507
0.000490
0.000499
0.000488
0.000490
0.000500
0.000491
0.000491
0.000490
0.000517
0.000620
0.000520
0.000850
0.000490
0.000610
0.000512
0.000509
0.000490
0.000496
0.000488
0.001363
0.000935
0.000492
0.000503
0.000503
0.000486
0.001101
0.000515
0.000488
0.000510
0.000494
0.000518
0.000493
0.000492
0.000505
0.000494
0.000820
0.001192
0.000511
0.000781
0.000552
0.000509
0.000513
0.000508
0.000876
0.001314
0.000493
0.000532
0.000488
0.000515
0.000502
0.000834
0.000816
0.000723
0.001209
0.000484
0.000801
0.001115
0.000828
0.000524
0.000540
0.000801
0.000506
0.000495
0.000513
0.001274
0.000999
0.000498
0.000511
0.000502
0.000492
0.000569
0.000870
0.000529
0.000499
0.000512
0.000506
0.000504
0.000491
0.000523
0.000498
0.000513
0.000493
0.000510
0.001235
0.000661
0.000546
0.000491
0.000854
0.000499
0.001148
0.000491
0.000772
0.000514
0.000862
0.000552
0.000524
0.000494
0.000558
0.000520
0.000490
0.000486
0.000490
0.000509
0.000488
0.000492
0.000494
0.000495
0.000501
0.000487
0.000516
0.000519
0.000483
0.000983
0.001458
0.000576
0.001298
0.000495
0.000491
0.001095
0.000931
0.000490
0.000489
0.000485
0.000524
0.000496
0.000507
0.001144
0.000648
0.000988
0.000486
0.000507
0.000496
0.000793
0.000591
0.000747
0.000487
0.000726
0.001267
0.000490
0.000486
0.000502
0.000495
0.000510
0.000709
0.000496
0.000641
0.001120
0.000495
0.000496
0.000495
0.000545
0.000496
0.000725
0.000550
0.000492
0.000746
0.000491
0.000493
0.000497
0.000571
0.001164
0.000513
0.001166
0.000491
0.000801
0.000549
0.000490
0.000511
0.000802
0.000492
0.000883
0.001273
0.000587
0.000496
0.000935
0.000559
0.000604
0.000774
0.000495
0.000836
0.000859
0.000535
0.000494
0.000581
0.000495
0.000493
0.000505
0.000893
0.001301
0.000505
0.000482
0.000496
0.000489
0.000490
0.000490
0.000727
0.000501
0.000926
0.000494
0.000788
0.000723
0.001427
0.000493
0.000513
0.000489
0.000522
0.000491
0.000535
0.000901
0.000494
0.000496
0.000493
0.000522
0.000492
0.000508
0.000948
0.000643
0.001307
0.000487
0.000493
0.000910
0.001105
0.000516
0.000495
0.000947
0.000514
0.001163
0.000543
0.000504
0.000490
0.000487
0.000493
0.000536
0.000861
0.000850
0.001415
0.000505
0.000495
0.000786
0.000506
0.000512
0.000859
0.000499
0.000496
0.000512
0.000492
0.000490
0.000508
0.000489
0.000516
0.000507
0.000528
0.000498
0.000513
0.000499
0.000531
0.000841
0.000520
0.001039
0.001162
0.000494
0.000497
0.000503
0.000516
0.000523
0.000498
0.000508
0.000489
0.000492
0.000860
0.000571
0.000726
0.000604
0.000492
0.000514
0.000509
0.000526
0.000495
0.000508
0.000515
0.000862
0.000738
0.000649
0.000508
0.000497
0.000492
0.000519
0.000509
0.000494
0.000502
0.000491
0.000490
0.000493
0.000529
0.000519
0.000489
0.000820
0.000512
0.000784
0.000639
0.000521
0.000494
