0.001732
0.001250
0.000992
0.001006
0.000986
0.000972
0.000989
0.000986
0.000987
0.001070
0.001027
0.000998
0.001001
0.000991
0.000990
0.001012
0.001043
0.001004
0.001078
0.000987
0.001030
0.001008
0.000983
0.001006
0.001019
0.001039
0.001017
0.000997
0.001036
0.001006
0.000985
0.001025
0.001011
0.001069
0.001025
0.001026
0.000999
0.001027
0.000989
0.000996
0.000978
0.001717
0.001001
0.000976
0.000991
0.000982
0.001004
0.000980
0.001016
0.001451
0.001003
0.000998
0.000991
0.001005
0.000986
0.001016
0.000979
0.001002
0.000996
0.000994
0.000983
0.001045
0.000978
0.001005
0.000987
0.000994
0.000970
0.001000
0.000978
0.001039
0.001000
0.001015
0.000998
0.001045
0.000978
0.000976
0.000974
0.001032
0.000973
0.000977
0.001056
0.001007
0.001004
0.001019
0.002249
0.001250
0.000982
0.000989
0.001016
0.000996
0.001002
0.001001
0.000991
0.000978
0.001032
0.000997
0.001026
0.001005
0.001023
0.001021
0.001017
0.001005
0.001017
0.000983
0.000992
0.000998
0.001001
0.000978
0.001000
0.000984
0.001008
0.000988
0.000992
0.001002
0.000978
0.001006
0.001015
0.000979
0.000988
0.002312
0.001434
0.000997
0.001026
0.000978
0.000980
0.001842
0.001806
0.000987
0.000981
0.001004
0.000983
0.000987
0.001523
0.000998
0.001594
0.001015
0.001025
0.000984
0.001057
0.001010
0.001002
0.000970
0.000998
0.000984
0.001063
0.000976
0.000983
0.000981
0.000986
0.001024
0.001005
0.000999
0.000978
0.000996
0.001039
0.001063
0.000985
0.001005
0.000978
0.001018
0.000973
0.001037
0.001004
0.001026
0.000996
0.000989
0.001014
0.001006
0.000983
0.001001
0.001005
0.001015
0.000981
0.001002
0.000996
0.001009
0.000975
0.000993
0.000994
0.001001
0.000981
0.000989
0.000986
0.001016
0.001000
0.001008
0.001008
0.001000
0.000958
0.001000
0.000979
0.000996
0.000996
0.001022
0.001007
0.000983
0.001026
0.000985
0.001019
0.000980
0.001001
0.001009
0.001005
0.001029
0.000977
0.000980
0.001014
0.000987
0.001063
0.001525
0.001006
0.001824
0.001002
0.001398
0.001020
0.000983
0.001459
0.001000
0.002622
0.000986
0.001016
0.000984
0.001549
0.000981
0.000983
0.000977
0.000986
0.000980
0.001002
0.000974
0.000977
0.000982
0.000988
0.000973
0.001038
0.000981
0.000999
0.000985
0.001012
0.001016
0.001026
0.000985
0.001024
0.000975
0.001005
0.002308
0.000986
0.001047
0.000982
0.001003
0.000980
0.001022
0.001010
0.001757
0.000985
0.000978
0.002591
0.001015
0.001011
0.001454
0.001129
0.000980
0.001977
0.001060
0.001792
0.001625
0.001022
0.000975
0.001115
0.001012
0.001342
0.001148
0.000978
0.000981
0.000981
0.000985
0.001135
0.000982
0.001003
0.001015
0.001006
0.000986
0.001080
0.000980
0.000988
0.002204
0.000984
0.000983
0.000982
0.001536
0.001564
0.001015
0.000988
0.000966
0.000974
0.001027
0.001042
0.001007
0.000983
0.000994
0.001007
0.000992
0.000986
0.001041
0.001996
0.001003
0.000972
0.001000
0.000979
0.001022
0.001060
0.000980
0.000981
0.000984
0.001002
0.001017
0.001027
0.001008
0.001023
0.000977
0.000976
0.001008
0.002575
0.000972
0.001044
0.000999
0.000976
0.001012
0.001037
0.001011
0.001009
0.000980
0.001009
0.000986
0.001013
0.000995
0.000973
0.001001
0.001001
0.000986
0.001454
0.001001
0.001039
0.000977
0.000991
0.000974
0.001333
0.001599
0.000978
0.001007
0.000997
0.000980
0.000996
0.001107
0.001551
0.001003
0.001006
0.000985
0.001017
0.000987
0.001055
0.000979
0.000972
0.001001
0.000974
0.001017
0.001015
0.000978
0.001052
0.000981
0.000999
0.001013
0.001006
0.001000
0.001002
0.000992
0.000986
0.001041
0.000991
0.001061
0.000995
0.001054
0.000983
0.001000
0.001001
0.000992
0.000982
0.001134
0.002093
0.000978
0.001101
0.001002
0.000979
0.000985
0.001012
0.001003
0.000969
0.001053
0.000970
0.001005
0.000982
0.001006
0.001006
0.001002
0.000987
0.000982
0.001001
0.000981
0.000993
0.001061
0.001704
0.000978
0.001028
0.000980
0.001041
0.002591
0.000997
0.001741
0.001029
0.001002
0.000995
0.001527
0.000993
0.000974
0.000994
0.001470
0.001022
0.000983
0.001017
0.001004
0.001024
0.000981
0.000975
0.000977
0.000989
0.000997
0.001012
0.000984
0.001014
0.000974
0.000992
0.000979
0.000979
0.001003
0.001002
0.001006
0.000981
0.001014
0.000979
0.001025
0.000973
0.001020
0.000983
0.000999
0.001005
0.001008
0.001007
0.001016
0.000974
0.001000
0.000976
0.001018
0.000981
0.001031
0.001222
0.000999
0.000992
0.001052
0.000985
0.000989
0.002024
0.000974
0.001019
0.000998
0.001027
0.001006
0.000985
0.000982
0.001218
0.001057
0.002052
0.001007
0.001708
0.000985
0.000979
0.000972
0.001005
0.000986
0.001003
0.001013
0.001007
0.000979
0.001002
0.000984
0.001041
0.000985
0.001084
0.001006
0.000986
0.001002
0.000983
0.001013
0.000975
0.002101
0.001020
0.000979
0.001025
0.000965
0.001026
0.000986
0.001008
0.000980
0.000979
0.000998
0.001019
0.001033
0.001006
0.001007
0.000990
0.001006
0.001973
0.001005
0.000979
0.001028
0.000981
0.001503
0.001119
0.000986
0.001017
0.000980
0.001001
0.000983
0.001039
0.000976
0.000999
0.001024
0.001015
0.001009
0.000983
0.001021
0.000990
0.001403
0.001037
0.000983
0.001012
0.000984
0.000968
0.001008
0.001280
0.001005
0.001506
0.001417
0.001010
0.001008
0.001291
0.000981
0.000992
0.000977
0.000981
0.000995
0.001004
0.001002
0.001016
0.001022
0.000983
0.000996
0.000984
0.001616
0.001311
0.001012
0.000985
0.000987
0.000983
0.000979
0.001050
0.001667
0.000981
0.000980
0.001059
0.000981
0.001003
0.001662
0.000985
0.001429
0.001670
0.000981
0.001336
0.001150
0.000991
0.000982
0.001342
0.001011
0.001008
0.001005
0.001009
0.000982
0.000982
0.001009
0.001726
0.001002
0.001041
0.001001
0.001011
0.001020
0.002664
0.001694
0.001018
0.001006
0.001000
0.001012
0.000993
0.001012
0.000985
0.001022
0.000984
0.001024
0.000985
0.001085
0.001004
0.001018
0.000999
0.000977
0.001712
0.000985
0.001054
0.001009
0.000991
0.002692
0.001011
0.001042
0.001027
0.001082
0.001653
0.001549
0.001008
0.001013
0.000982
0.001455
0.001170
0.002688
0.001251
0.000988
0.000984
0.000998
0.001001
0.001019
0.000988
0.000999
0.001061
0.000984
0.000997
0.001000
0.000983
0.000980
0.000971
0.001008
0.000981
0.000971
0.000998
0.000979
0.000992
0.000981
0.001004
0.001015
0.001021
0.000983
0.001016
0.001591
0.000977
0.001007
0.001040
0.000992
0.000971
0.001019
0.000998
0.001041
0.001442
0.001207
0.000984
0.001044
0.001631
0.001010
0.000982
0.001031
0.000982
0.001003
0.001002
0.001028
0.000984
0.001069
0.001015
0.001012
0.000987
0.001019
0.000980
0.001007
0.000977
0.002622
0.000989
0.000999
0.001301
0.000981
0.001031
0.000989
0.000998
0.000989
0.000989
0.001004
0.001243
0.000983
0.000996
0.000978
0.000982
0.000975
0.000981
0.000995
0.000979
0.001562
0.000998
0.001007
0.001015
0.000981
0.001001
0.001005
0.001000
0.001005
0.001021
0.000985
0.001000
0.000996
0.001063
0.001002
0.000999
0.000973
0.001019
0.000986
0.001035
0.000979
0.001016
0.000999
0.001020
0.000980
0.000999
0.000978
0.001005
0.001003
0.001004
0.000984
0.000988
0.000997
0.001030
0.001004
0.001055
0.000986
0.001039
0.000992
0.001005
0.000985
0.001004
0.000986
0.001072
0.001017
0.001052
0.000994
0.001091
0.001031
0.001007
0.001017
0.001061
0.000975
0.001004
0.000979
0.000988
0.000980
0.000991
0.001011
0.000996
0.001006
0.001000
0.000982
0.001082
0.000982
0.000994
0.001006
0.000985
0.000992
0.000981
0.000982
0.001006
0.000987
0.001049
0.000983
0.000989
0.000986
0.000977
0.000991
0.000981
0.000975
0.002583
0.000990
0.001415
0.000985
0.000980
0.000993
0.001041
0.000992
0.000986
0.000982
0.000979
0.000987
0.000997
0.000976
0.000980
0.000984
0.001032
0.001012
0.000982
0.001023
0.000972
0.000978
0.000997
0.001157
0.001020
0.001026
0.001047
0.000979
0.001022
0.001008
0.001158
0.001004
0.000975
0.001001
0.000984
0.000984
0.001029
0.000986
0.001008
0.001005
0.001949
0.001565
0.001056
0.001006
0.000974
0.001102
0.001019
0.001026
0.001129
0.001012
0.001003
0.001150
0.001013
0.000971
0.001001
0.000979
0.001094
0.001006
0.001043
0.000982
0.001024
0.001158
0.001031
0.000980
0.001038
0.000979
0.001019
0.000993
0.001167
0.000982
0.000984
0.001163
0.000978
0.000987
0.001522
0.001010
0.001042
0.000996
0.000975
0.001176
0.000977
0.000970
0.001056
0.001005
0.001016
0.001088
0.001037
0.000981
0.001060
0.001000
0.000984
0.001018
0.001018
0.001098
0.001006
0.000986
0.000975
0.000995
0.001008
0.002536
0.001741
0.001015
0.001128
0.000982
0.000990
0.001175
0.000999
0.001035
0.001170
0.001014
0.001000
0.001003
0.000986
0.001028
0.000979
0.001032
0.000979
0.000980
0.001129
0.000995
0.001005
0.000973
0.001015
0.000980
0.001048
0.000991
0.001054
0.000987
0.001173
0.000969
0.001006
0.001088
0.000981
0.001008
0.000989
0.001052
0.000977
0.001014
0.001003
0.000999
0.000984
0.001182
0.000985
0.001038
0.000989
0.001003
0.001002
0.000998
0.001144
0.000996
0.000981
0.001009
0.000981
0.000998
0.000985
0.000995
0.001801
0.000997
0.001014
0.000999
0.001016
0.001149
0.001113
0.000986
0.000981
0.000989
0.000976
0.000993
0.000982
0.000996
0.000989
0.001181
0.000981
0.000998
0.000987
0.001069
0.000982
0.000996
0.001018
0.001074
0.001007
0.001156
0.000978
0.001017
0.001466
0.001005
0.001007
0.001019
0.001002
0.001003
0.000990
0.001014
0.001019
0.001075
0.001005
0.001000
0.001015
0.000976
0.001037
0.001011
0.001191
0.002369
0.001029
0.001055
0.001008
0.001354
0.001003
0.001461
0.000998
0.000990
0.001012
0.000998
0.001314
0.000992
0.000998
0.001939
0.001024
0.001294
0.001014
0.001996
0.001013
0.001048
0.000997
0.001027
0.000976
0.001047
0.001046
0.000983
0.001030
0.001003
0.001028
0.000976
0.001531
0.001004
0.001246
0.000997
0.000978
0.001005
0.001365
0.001017
0.001003
0.000977
0.000986
0.000972
0.000975
0.001043
0.000995
0.001725
0.001037
0.000976
0.000991
0.001020
0.002876
0.001013
0.001009
0.001585
0.001007
0.001003
0.001508
0.000996
0.000980
0.001839
0.000975
0.001591
0.001021
0.000998
0.001129
0.001049
0.001009
0.001419
0.001319
0.001022
0.000992
0.001255
0.001006
0.001761
0.000999
0.001037
0.001631
0.000989
0.002273
0.000990
0.001009
0.000987
0.001009
0.001327
0.000989
0.000983
0.000984
0.000979
0.000981
0.000980
0.000989
0.001396
0.000987
0.000979
0.001007
0.001423
0.001028
0.000987
0.001287
0.001125
0.001028
0.001067
0.000988
0.001754
0.000997
0.000988
0.001005
0.001590
0.000984
0.001023
0.001059
0.001011
0.002042
0.001048
0.002106
0.001038
0.000998
0.000987
0.002024
0.001032
0.001886
0.000982
0.001073
0.001024
0.001707
0.001018
0.001577
0.000982
0.001268
0.001034
0.001003
0.001002
0.001026
0.001021
0.001002
0.000988
0.001011
0.000980
0.001004
0.001005
0.001042
0.000971
0.000996
0.001007
0.001002
0.001019
0.001002
0.000975
0.001075
0.000978
0.001035
0.000985
0.001001
0.002615
0.001683
0.000969
0.001001
0.000978
0.000987
0.001009
0.000989
0.000981
0.001013
0.001022
0.000984
0.001013
0.002199
0.001005
0.000991
0.001379
0.001007
0.000998
0.001040
0.000996
0.001214
0.001023
0.001036
0.000985
0.000998
0.000991
0.000978
0.000987
0.000981
0.000984
0.000991
0.000993
0.001029
0.001280
0.001027
0.001017
0.000986
0.001031
0.000999
0.001013
0.001040
0.000988
0.000982
0.000982
0.000997
0.001000
0.000985
0.001032
0.000981
0.001001
0.000996
0.000995
0.000983
0.001023
0.000985
0.000984
0.001000
0.000985
0.000985
0.001021
0.000972
0.001005
0.001005
0.000985
0.000981
0.000975
0.001031
0.001004
0.001010
0.000981
0.001715
0.002108
0.000986
0.000982
0.000988
0.000998
0.001002
0.000976
0.001022
0.001222
0.001037
0.000982
0.001237
0.001049
0.000981
0.001033
0.001005
0.001001
0.001288
0.001022
0.001787
0.001009
0.000980
0.000969
0.000999
0.000993
0.000988
0.001546
0.001020
0.001038
0.001433
0.001000
0.001030
0.000983
0.001000
0.001763
0.000985
0.001008
0.000991
0.001007
0.000984
0.001024
0.000992
0.001583
0.001022
0.000993
0.001004
0.001018
0.000996
0.001009
0.001163
0.001080
0.001034
0.001035
0.001523
0.001043
0.000977
0.000984
0.000987
0.001017
0.000982
0.001037
0.001017
0.001261
0.001231
0.000998
0.001006
0.000970
0.000985
0.001006
0.000982
0.001026
0.000984
0.000973
0.000974
0.000981
0.000976
0.000975
0.000979
0.001004
0.000984
0.001016
0.000981
0.000985
0.000976
0.000995
0.000982
0.000987
0.000986
0.001023
0.000981
0.001003
0.000979
0.000999
0.000984
0.001048
0.000983
0.000997
0.001011
0.001015
0.000984
0.001012
0.001686
0.000970
0.000998
0.001017
0.001020
0.001020
0.000977
0.001007
0.001023
0.000996
0.000979
0.000980
0.000984
0.000987
0.000976
0.001007
0.001026
0.001005
0.000988
0.002167
0.000987
0.000983
0.001012
0.001010
0.000977
0.000975
0.000996
0.000995
0.001031
0.000981
0.001000
0.001115
0.001033
0.001009
0.000986
0.001018
0.001088
0.001018
0.000995
0.000971
0.001006
0.001016
0.000998
0.000982
0.001035
0.001005
0.001048
0.000991
0.000998
0.000971
0.001006
0.001017
0.001001
0.000975
0.001022
0.000977
0.001085
0.001014
0.000984
0.001001
0.000999
0.000986
0.001051
0.000983
0.000994
0.001012
0.000990
0.000979
0.000995
0.000993
0.001093
0.000986
0.001011
0.000985
0.000998
0.000970
0.001050
0.000992
0.000969
0.000973
0.001042
0.001020
0.000992
0.001016
0.001000
0.000985
0.001039
0.000994
0.001032
0.001046
0.001004
0.000984
0.001032
0.000981
0.001023
0.000986
0.000978
0.001006
0.000977
0.001005
0.000994
0.000983
0.001003
0.001006
0.001100
0.000982
0.000984
0.001847
0.000980
0.001015
0.000984
0.001000
0.001001
0.001006
0.001007
0.001040
0.001812
0.001438
0.002568
0.001000
0.000971
0.001012
0.001004
0.000972
0.000981
0.000970
0.001680
0.001134
0.000985
0.001004
0.000987
0.001016
0.001137
0.001003
0.000983
0.000982
0.002284
0.000986
0.001069
0.001004
0.001562
0.000984
0.000997
0.000980
0.001014
0.001040
0.001028
0.001011
0.001076
0.001021
0.000985
0.000974
0.001016
0.001688
0.000980
0.000983
0.001046
0.001019
0.000988
0.000986
0.001037
0.000986
0.000978
0.001177
0.000980
0.001014
0.000980
0.001098
0.000986
0.001022
0.001067
0.000983
0.001002
0.000973
0.001373
0.001020
0.001002
0.000975
0.000987
0.001009
0.000990
0.001038
0.000980
0.001019
0.000974
0.001056
0.000993
0.001000
0.000983
0.000992
0.002464
0.001019
0.001177
0.001011
0.001036
0.000984
0.001756
0.001210
0.001810
0.000993
0.001025
0.001039
0.000983
0.001008
0.000978
0.001000
0.001665
0.001036
0.001241
0.000982
0.000980
0.000976
0.001290
0.001005
0.001377
0.000991
0.001514
0.001004
0.001752
0.001696
0.001411
0.001212
0.001005
0.001016
0.001468
0.001026
0.001083
0.000984
0.001041
0.001020
0.001673
0.000989
0.001660
0.001028
0.000980
0.001028
0.001009
0.001001
0.000990
0.000981
0.001027
0.000973
0.000989
0.000986
0.000981
0.000996
0.001628
0.001009
0.001036
0.001004
0.001019
0.001166
0.001615
0.000987
0.001020
0.001572
0.001008
0.001003
0.000990
0.001583
0.001017
0.001039
0.000991
0.002657
0.001103
0.001326
0.001496
0.000985
0.001696
0.001046
0.000981
0.001502
0.001004
0.001495
0.000974
0.001767
0.001720
0.000994
0.000977
0.000979
0.000986
0.000982
0.000981
0.001033
0.001517
0.001048
0.000986
0.001164
0.001173
0.001005
0.001331
0.001233
0.000989
0.000990
0.001006
0.001013
0.000989
0.000975
0.001134
0.001012
0.000988
0.001273
0.000995
0.001549
0.001015
0.000983
0.001514
0.001657
0.000987
0.001008
0.001008
0.000981
0.000982
0.000983
0.001043
0.001488
0.001026
0.000998
0.001011
0.001384
0.001323
0.001064
0.001374
0.001004
0.000970
0.000975
0.001343
0.000991
0.000977
0.001326
0.001025
0.000978
0.001332
0.001025
0.000984
0.000980
0.001207
0.001273
0.002400
0.001826
0.001648
0.000987
0.001012
0.001632
0.002429
0.001723
0.000984
0.000972
0.001000
0.000983
0.001470
0.000982
0.000979
0.001011
0.001643
0.001022
0.000983
0.001102
0.001125
0.000984
0.000994
0.001969
0.001183
0.001000
0.001021
0.001043
0.001562
0.001227
0.001189
0.001670
0.001028
0.001005
0.000979
0.000993
0.001033
0.001030
0.001018
0.001039
0.000976
0.000976
0.001004
0.001089
0.001326
0.001162
0.000979
0.001033
0.001022
0.001014
0.000952
0.001002
0.001053
0.001140
0.000983
0.001245
0.001017
0.001339
0.001285
0.001054
0.001076
0.001108
0.000970
0.001005
0.001012
0.001522
0.001246
0.001020
0.001051
0.000993
0.001446
0.001198
0.001055
0.001640
0.001024
0.001228
0.001086
0.001121
0.001304
0.001036
0.001046
0.001018
0.001706
0.001147
0.001673
0.000986
0.000980
0.000986
0.001800
0.000977
0.001219
0.001044
0.001102
0.001001
0.000989
0.001007
0.000985
0.001035
0.001003
0.000986
0.001000
0.001267
0.001036
0.000985
0.000990
0.000999
0.001071
0.001662
0.001396
0.000992
0.001863
0.000994
0.000987
0.000988
0.001684
0.001013
0.001422
0.001013
0.001113
0.001039
0.002588
0.001025
0.000980
0.001002
0.001152
0.001018
0.000986
0.000992
0.002001
0.000986
0.001003
0.000979
0.001681
0.001145
0.001005
0.000987
0.001016
0.001177
0.000987
0.000994
0.000983
0.001071
0.000987
0.001005
0.001020
0.001012
0.001025
0.001049
0.000990
0.000985
0.001007
0.000983
0.001000
0.001012
0.001368
0.000987
0.000971
0.001052
0.000974
0.000988
0.000989
0.001728
0.001009
0.001251
0.000975
0.001014
0.000999
0.001041
0.001769
0.001121
0.001021
0.001005
0.000994
0.000994
0.001027
0.001029
0.001006
0.000989
0.001113
0.001576
0.001205
0.001031
0.001025
0.002040
0.000993
0.001061
0.001007
0.001044
0.000988
0.001171
0.000986
0.001191
0.001045
0.001026
0.001102
0.000981
0.001014
0.001103
0.000978
0.001073
0.000979
0.000999
0.001016
0.001034
0.001115
0.001011
0.000980
0.001018
0.001149
0.001006
0.001013
0.001676
0.000987
0.001038
0.001008
0.001074
0.001039
0.000985
0.001044
0.001032
0.000987
0.001130
0.000982
0.001017
0.001689
0.001061
0.001185
0.000980
0.001109
0.001017
0.001002
0.001035
0.001047
0.001012
0.001006
0.001006
0.001016
0.000980
0.001161
0.001563
0.001348
0.001048
0.001003
0.001054
0.001049
0.001007
0.001658
0.001058
0.000982
0.001023
0.001088
0.000984
0.001529
0.001133
0.001640
0.001059
0.001110
0.001067
0.001366
0.001101
0.000991
0.000983
0.001061
0.001032
0.000986
0.001052
0.000986
0.000997
0.000983
0.001019
0.001013
0.000989
0.001460
0.000994
0.001574
0.001200
0.001033
0.000979
0.000977
0.000984
0.001020
0.001683
0.000991
0.001017
0.001015
0.001008
0.000978
0.000990
0.000983
0.001007
0.001695
0.001563
0.000983
0.000982
0.001007
0.001013
0.001004
0.000974
0.001006
0.001038
0.001010
0.000984
0.000984
0.000997
0.001000
0.000980
0.001019
0.000979
0.001079
0.000998
0.000998
0.000979
0.001009
0.001035
0.000987
0.001001
0.001037
0.000993
0.000994
0.001590
0.001501
0.000979
0.001004
0.000982
0.001037
0.000986
0.001013
0.001043
0.001011
0.001017
0.000991
0.001526
0.001016
0.001001
0.001013
0.000985
