77
68
2
63
21
44
23
15
12
48
59
24
99
64
32
85
66
80
71
74
15
67
9
80
33
80
66
22
38
78
39
95
19
62
31
61
43
43
67
32
31
89
27
77
72
58
23
74
49
98
49
38
3
60
68
31
73
18
84
76
78
18
71
64
71
16
16
66
51
41
47
65
90
82
8
88
69
92
25
33
17
23
84
51
84
31
57
47
44
2
5
93
62
39
82
17
70
100
7
51
68
87
78
81
34
55
40
71
14
61
11
39
38
31
54
7
83
48
62
14
11
70
39
81
68
76
58
19
33
7
29
42
17
64
44
54
100
83
55
13
17
45
44
51
98
46
96
37
73
21
55
49
63
35
36
67
96
15
67
42
15
95
25
47
35
15
90
69
67
78
42
74
98
73
98
68
84
11
28
15
13
41
33
83
25
5
27
35
57
99
72
48
7
35
89
1
65
59
18
8
