43
82
77
91
83
100
36
78
25
26
80
5
62
98
29
10
60
17
7
8
33
68
81
34
94
92
11
52
58
36
86
35
22
95
2
11
28
99
85
15
12
26
41
48
89
84
70
18
15
67
51
40
28
74
52
24
54
51
73
50
91
89
1
40
97
62
63
19
32
48
75
17
80
94
8
46
88
78
17
71
91
20
36
40
100
2
26
72
39
34
2
17
28
71
53
73
53
97
86
30
63
45
21
74
31
31
55
68
58
58
10
43
65
39
26
91
44
75
23
5
6
55
24
22
79
26
17
1
38
69
98
30
5
30
35
10
82
50
68
66
56
76
43
29
73
54
40
17
17
80
65
84
18
35
27
87
67
47
94
100
47
64
42
26
67
77
71
34
59
36
83
94
86
86
51
52
93
77
98
94
18
12
64
90
100
75
80
40
50
45
23
9
89
63
11
3
1
72
51
89
79
84
32
9
76
87
66
53
8
71
19
55
65
7
68
59
53
75
45
99
71
59
63
14
86
85
29
21
70
51
77
8
90
58
47
57
34
11
9
67
83
47
22
7
49
95
17
44
59
95
47
42
46
63
72
52
93
48
80
47
46
54
82
91
43
1
69
16
36
25
65
70
34
92
77
92
58
85
33
80
62
76
21
92
26
55
94
80
85
88
71
10
66
70
80
82
91
23
85
50
24
80
75
44
10
80
12
45
83
78
25
89
43
23
25
68
72
59
99
96
46
96
45
54
41
4
37
56
33
37
69
55
63
10
86
8
1
67
31
72
32
90
87
18
5
77
5
2
99
84
76
55
71
95
58
42
17
83
44
74
99
14
35
84
44
82
91
82
23
76
67
7
29
91
61
71
79
91
4
64
22
75
23
66
23
89
7
65
10
29
24
26
67
54
76
52
28
22
22
94
92
90
66
30
4
9
78
53
40
50
32
99
44
26
67
71
1
100
66
23
78
76
8
69
23
26
53
3
81
53
36
48
44
94
71
60
59
62
6
96
60
63
91
30
100
72
48
99
6
58
20
12
80
25
30
60
13
16
92
77
94
3
67
10
31
20
35
52
40
43
69
14
16
41
5
86
83
61
58
42
44
52
59
50
85
90
99
6
88
95
46
7
26
56
56
57
94
12
35
69
77
22
74
43
100
26
7
83
84
65
35
42
40
2
59
95
80
24
8
95
83
92
45
65
65
51
77
4
73
93
35
43
92
94
26
90
41
40
31
67
78
21
25
51
90
90
93
55
97
69
17
19
95
1
52
37
98
11
93
55
68
48
69
37
91
15
9
22
11
87
44
99
44
62
83
16
81
57
96
29
4
68
73
26
38
56
82
43
66
11
46
90
21
79
43
33
91
31
22
38
64
90
25
24
49
93
62
75
2
49
17
26
38
11
69
65
99
98
16
55
21
55
82
78
75
41
5
56
53
66
29
47
48
82
73
80
51
36
38
41
15
12
17
33
69
86
64
88
4
6
46
6
35
89
16
38
1
8
52
74
33
89
89
28
80
5
80
65
93
24
16
61
42
46
85
62
65
32
14
17
71
74
41
65
95
85
61
51
83
54
17
16
33
100
34
48
29
60
87
31
90
88
46
22
49
2
94
70
91
5
33
88
6
14
2
31
43
61
42
98
8
60
59
97
55
28
78
53
70
48
100
57
72
94
86
94
12
6
43
45
87
89
36
55
42
20
57
23
98
28
55
84
5
58
46
61
77
16
51
68
52
80
18
16
90
13
81
64
49
14
23
2
86
72
98
17
94
100
90
51
23
64
49
67
98
30
70
71
53
66
51
43
4
34
84
54
16
61
90
79
73
49
15
6
29
26
54
27
87
88
40
13
37
78
79
44
12
25
57
41
17
25
69
75
71
71
19
34
53
68
3
32
2
36
2
13
42
80
51
65
67
84
21
57
68
36
56
14
63
97
50
74
2
97
63
27
33
41
49
7
76
12
1
85
95
78
4
31
31
76
83
66
66
92
90
46
63
8
81
82
46
42
5
44
35
71
12
35
64
61
74
42
30
68
28
2
95
10
45
49
41
19
71
22
54
5
95
44
44
63
46
79
96
18
76
71
89
17
79
15
99
21
22
5
33
58
96
83
28
25
57
55
75
67
2
37
83
67
15
45
84
33
32
18
21
43
92
78
25
41
84
30
7
72
60
68
71
37
59
64
22
29
69
20
57
78
34
4
29
28
21
28
41
79
24
10
95
64
38
54
6
50
75
93
80
47
64
40
11
59
100
41
73
14
8
30
91
45
67
16
96
39
24
13
5
53
20
95
80
2
91
82
88
36
23
2
26
92
40
83
4
72
46
82
49
21
13
57
61
12
85
18
37
93
56
66
54
25
5
10
67
17
35
14
29
33
75
37
93
83
33
76
14
53
52
57
93
18
20
93
38
91
33
36
46
21
82
76
72
29
79
84
21
53
96
36
76
75
2
70
86
70
61
92
84
88
65
4
36
66
47
61
83
8
54
82
26
34
43
7
77
5
66
64
43
47
96
82
43
22
77
16
87
64
2
10
96
77
77
66
1
26
22
21
27
50
25
94
1
11
41
6
66
40
20
32
79
7
83
26
74
15
52
13
86
33
50
16
16
65
86
44
77
84
48
78
7
99
73
85
3
94
36
8
9
22
50
20
10
94
74
25
40
65
36
94
86
93
82
65
58
54
41
77
73
67
24
94
74
39
83
39
99
12
29
80
55
72
13
98
75
49
60
97
82
25
41
17
55
50
33
74
42
30
54
18
23
88
65
36
37
64
33
27
32
6
70
49
32
54
85
83
37
45
78
83
13
68
72
87
53
35
74
21
74
21
80
74
67
47
82
49
43
35
88
20
60
20
87
4
2
34
40
3
24
81
27
98
65
65
99
72
71
9
75
24
98
54
98
97
16
89
63
99
89
94
26
19
5
92
20
75
44
65
71
44
70
98
91
36
54
68
95
45
98
77
33
81
92
18
54
74
93
47
54
54
23
100
40
28
88
58
82
21
63
35
64
90
57
87
73
53
56
63
83
36
76
32
39
40
14
95
32
31
9
71
85
70
95
88
81
56
35
65
42
37
85
77
60
68
6
97
29
60
34
27
29
17
55
39
73
55
90
82
69
76
79
63
18
10
87
81
55
72
74
84
82
93
41
94
73
86
96
18
30
70
55
71
92
70
34
94
52
78
100
71
12
98
42
87
5
68
36
81
14
57
39
24
46
74
76
9
45
32
30
99
59
79
13
27
73
94
88
82
77
7
15
22
7
30
61
84
98
45
4
13
7
100
94
25
38
42
99
31
83
23
85
30
19
46
87
8
4
30
40
27
45
67
26
66
49
90
3
42
31
43
19
85
5
50
29
42
97
43
35
39
9
64
2
27
86
52
82
52
68
67
85
12
57
11
1
65
6
24
60
27
57
65
92
7
24
51
10
3
100
88
22
96
83
34
61
8
58
95
53
16
53
56
27
30
35
1
9
62
69
73
65
66
8
86
39
97
34
26
72
52
89
37
66
44
91
51
63
96
52
23
13
54
61
60
33
67
2
77
60
71
17
93
28
64
12
79
9
33
31
22
94
93
65
45
7
55
72
91
19
7
68
85
22
73
38
65
26
57
74
17
43
90
14
51
33
7
59
96
29
62
2
61
18
62
98
58
5
96
18
47
74
48
69
50
61
3
67
93
39
17
1
37
40
71
90
56
90
16
26
60
51
24
58
41
30
83
14
51
8
8
51
40
52
99
16
46
87
21
91
6
20
62
11
86
94
54
94
75
70
16
33
14
84
39
75
32
21
78
47
57
46
72
15
39
2
76
58
4
20
84
33
98
89
85
33
12
65
47
99
61
13
27
52
22
34
21
51
40
31
35
35
86
24
85
94
80
93
20
96
83
33
29
66
34
44
83
8
67
12
69
62
72
67
45
79
86
60
78
74
69
16
49
59
9
47
74
18
11
84
19
22
9
40
100
60
90
51
76
30
77
9
51
2
46
54
16
4
98
19
39
81
76
69
95
96
15
80
43
61
84
21
32
97
37
47
2
66
26
76
41
32
100
50
82
47
63
88
52
32
59
76
94
11
25
2
22
67
99
3
9
62
20
48
78
6
27
40
69
37
63
85
82
41
84
62
46
93
86
89
80
76
53
54
79
81
69
37
5
25
59
97
99
89
23
53
52
9
24
95
58
44
52
45
26
10
12
86
7
97
94
32
26
8
14
26
32
81
76
3
65
67
39
32
83
25
91
83
84
19
42
22
55
37
90
5
10
22
5
75
3
84
19
80
44
38
42
100
21
92
64
62
15
83
82
63
51
2
59
48
25
98
6
33
39
66
80
75
93
57
37
24
41
22
34
100
21
87
88
17
28
75
20
89
63
13
23
78
100
29
12
95
63
87
97
40
84
19
62
7
14
7
37
12
30
36
50
42
29
54
24
71
90
8
58
18
93
50
16
35
51
75
10
88
18
64
70
12
24
45
69
15
80
6
92
17
72
4
65
37
36
84
18
64
88
95
53
87
15
18
78
80
33
91
4
