4
67
43
95
22
56
1
61
71
60
97
54
17
12
29
82
70
77
65
29
67
60
96
22
95
43
13
40
21
37
52
78
30
52
54
62
96
21
19
38
1
46
96
87
69
92
29
92
2
76
50
76
48
100
28
69
87
42
9
50
12
10
92
67
5
24
79
81
10
56
98
54
15
45
61
19
67
25
33
43
12
76
26
87
55
76
10
50
8
39
17
33
71
95
62
22
72
45
21
81
26
70
21
56
72
48
2
13
62
40
64
46
11
88
65
82
9
96
9
45
89
47
74
63
32
57
90
8
62
82
31
45
41
62
16
7
99
90
62
3
63
55
6
48
47
52
38
8
79
77
31
57
97
81
66
23
22
42
34
56
13
36
41
53
44
10
51
13
9
84
89
89
3
4
29
2
13
35
35
45
61
43
64
97
60
98
56
97
10
40
37
15
18
19
68
72
100
60
71
4
64
18
6
32
30
15
71
91
92
24
9
69
98
9
59
92
14
76
70
71
81
17
88
95
3
94
94
69
35
28
52
97
35
52
23
61
30
42
92
4
84
62
33
14
70
86
97
29
85
57
86
7
64
54
44
67
47
50
75
5
85
80
15
51
81
96
22
33
71
20
23
23
95
84
42
18
98
91
12
35
7
4
19
73
44
23
81
88
40
94
15
92
42
14
44
27
51
86
87
23
21
5
4
6
19
46
23
67
39
7
99
7
11
61
20
76
5
30
2
19
92
5
16
42
18
22
30
76
23
72
13
94
82
25
85
62
55
82
32
50
76
45
28
4
52
77
23
30
31
87
4
58
27
64
80
79
100
62
4
92
46
43
16
98
64
67
74
48
36
23
1
55
9
15
98
1
4
77
82
92
71
13
25
25
21
56
63
70
99
97
17
78
48
80
60
32
67
3
52
78
77
40
49
55
70
57
64
36
96
93
68
22
5
27
74
47
93
28
99
2
47
40
42
30
96
83
13
100
62
13
21
26
69
27
43
46
19
89
57
97
98
58
66
71
39
17
69
36
17
1
35
28
3
74
7
66
84
82
70
75
34
77
94
11
63
48
61
91
26
63
63
83
100
42
57
33
33
95
33
42
14
36
9
90
52
63
70
41
30
14
15
48
20
61
36
39
87
99
47
96
8
38
22
73
71
94
63
100
98
74
3
13
10
30
12
56
98
81
21
30
84
62
79
70
7
55
16
64
95
40
5
97
19
45
29
79
60
98
68
48
2
57
74
7
21
22
87
47
63
30
34
88
35
98
2
23
71
6
60
9
60
49
26
72
51
18
94
76
42
79
46
93
25
12
3
97
21
79
86
40
69
69
23
6
54
21
72
67
24
26
85
100
40
23
95
100
70
90
52
62
87
26
70
80
98
72
5
57
78
88
19
87
85
13
95
14
49
68
43
88
58
89
42
15
2
37
36
49
98
97
36
21
95
98
48
67
78
76
5
35
46
21
99
48
75
50
76
3
77
73
91
66
87
27
54
27
27
82
10
85
13
23
31
27
59
89
72
56
32
15
17
59
46
74
17
50
46
35
8
78
52
32
96
33
51
38
63
97
67
8
88
89
69
11
76
21
41
56
42
4
59
3
1
61
51
26
85
16
44
24
43
90
87
21
97
51
30
50
73
31
45
62
37
1
63
66
98
98
21
19
70
22
30
54
39
61
12
5
9
90
17
84
65
80
29
67
13
46
76
94
55
65
46
1
54
15
5
47
52
100
43
78
54
71
69
37
92
71
35
67
4
1
93
54
7
82
83
30
59
40
23
52
24
48
67
40
44
70
20
47
38
60
56
34
20
47
79
100
79
87
32
73
77
91
2
30
71
35
95
100
94
33
83
79
8
30
64
42
97
36
28
2
23
22
58
12
72
4
96
50
42
72
7
83
88
77
97
87
20
44
19
78
31
7
79
60
7
24
54
53
11
26
77
80
30
30
48
34
87
21
4
67
79
56
45
19
49
3
22
46
82
58
100
31
27
36
58
1
94
35
25
100
98
40
17
4
31
84
7
24
31
77
50
51
18
40
9
85
83
69
85
63
65
65
68
97
68
38
4
70
75
69
99
68
28
51
15
93
24
31
8
77
81
34
58
57
6
85
41
47
41
42
71
33
67
48
2
68
27
17
3
76
31
47
14
22
68
37
35
72
22
76
43
24
8
61
44
57
90
38
15
63
48
24
13
97
32
40
57
6
83
89
64
48
64
5
43
89
85
93
2
2
18
30
43
36
50
39
36
32
68
61
65
85
78
90
82
57
52
58
93
14
51
11
45
98
64
67
7
100
93
80
59
26
12
82
2
77
27
54
1
51
65
36
90
16
12
37
99
13
44
33
44
77
15
18
70
28
14
2
46
97
57
28
67
97
93
92
19
62
46
31
59
51
23
4
20
13
11
33
61
68
16
20
40
15
15
84
62
53
47
64
100
20
61
6
2
23
8
28
46
54
62
99
4
3
76
82
28
9
85
83
17
20
91
28
55
72
84
60
31
58
52
65
69
67
14
33
12
58
41
56
85
33
66
54
96
6
87
33
69
96
57
45
90
48
87
84
13
41
91
71
21
94
61
71
63
51
56
36
41
40
48
75
98
36
91
18
34
89
53
37
43
28
100
44
91
54
64
18
13
63
21
31
87
16
93
43
60
88
26
38
60
35
66
66
38
31
51
79
6
38
98
74
5
51
2
96
53
30
59
50
91
14
70
7
46
93
96
76
6
66
47
86
40
3
37
33
55
41
33
72
87
77
94
24
91
72
36
3
20
95
46
62
19
73
44
59
20
35
56
60
65
33
12
89
1
3
13
26
76
87
51
100
14
88
19
63
22
14
44
32
82
77
91
87
26
35
91
13
68
35
4
11
45
92
16
46
84
21
73
16
9
78
39
24
43
51
5
11
89
84
43
55
30
46
39
11
9
74
7
46
50
71
29
38
84
59
47
65
95
16
15
49
82
42
29
24
88
14
28
40
64
81
64
47
72
38
6
29
33
92
83
77
58
99
35
27
94
51
3
68
81
58
34
70
90
71
32
14
85
37
29
65
46
84
15
85
68
71
82
1
8
18
80
39
57
23
19
67
4
47
30
98
96
25
74
12
31
60
61
20
30
58
34
45
33
19
2
48
42
15
22
6
81
8
28
52
29
34
94
3
81
85
64
30
9
35
36
20
80
1
41
79
71
76
90
39
17
100
52
57
38
61
98
67
66
95
100
12
1
18
9
92
76
96
55
55
55
72
3
11
27
88
30
98
59
54
59
9
44
28
90
55
60
27
57
41
69
38
6
15
99
94
77
53
98
77
45
46
96
4
61
9
3
12
69
39
40
94
11
94
83
81
31
37
75
63
91
64
63
14
75
36
26
76
28
80
3
25
49
81
17
41
80
5
96
79
60
32
54
64
64
70
63
66
99
28
55
76
83
10
29
74
32
67
87
52
68
63
79
6
100
88
17
90
93
92
33
94
59
67
90
13
74
93
53
66
28
60
71
53
80
100
50
92
39
7
32
62
27
55
80
17
36
9
92
13
92
100
30
29
49
10
51
50
7
55
53
75
43
38
24
68
43
84
47
86
78
85
9
3
75
12
13
92
87
67
61
2
87
28
97
6
31
89
36
19
32
23
68
48
54
92
66
100
29
79
40
54
99
82
54
65
50
39
34
21
70
14
20
63
79
57
46
37
84
52
15
49
76
21
8
55
56
39
44
68
44
16
53
18
73
71
62
73
8
13
25
43
59
99
26
7
65
27
35
56
35
20
50
37
86
77
11
27
66
90
50
41
1
23
10
92
46
27
27
70
93
18
64
46
82
4
30
5
5
98
42
32
72
43
42
58
98
75
37
63
72
76
17
48
69
85
93
7
83
11
76
68
2
13
12
74
24
97
82
29
27
47
89
8
57
36
27
44
65
47
3
50
57
20
63
17
57
50
56
80
10
99
20
88
57
75
73
51
50
11
50
92
10
6
69
25
85
21
76
23
83
28
22
44
48
75
53
32
80
41
62
21
2
20
17
4
51
33
8
83
49
78
40
87
77
22
66
14
79
27
80
38
19
58
15
33
45
77
26
29
29
66
91
27
94
44
68
21
92
2
55
44
40
26
2
25
75
16
77
73
89
21
44
89
56
92
89
67
16
91
81
25
31
45
83
85
50
54
17
92
50
86
43
73
15
45
10
36
61
32
45
53
95
20
52
100
27
68
25
31
28
65
74
93
2
91
41
34
5
94
23
31
100
5
71
3
93
63
24
99
74
100
68
52
24
43
65
43
60
25
9
92
72
85
80
35
15
11
25
92
32
98
18
22
15
12
90
12
50
3
58
93
22
36
4
91
64
2
35
52
51
34
90
32
58
80
48
70
38
52
16
47
39
45
41
27
2
52
19
97
54
20
99
6
64
52
7
4
22
64
28
43
67
56
71
58
3
53
59
41
41
81
28
69
66
56
26
54
90
21
85
35
56
27
52
39
9
28
14
41
53
3
26
51
55
63
72
56
72
7
73
97
22
75
50
81
49
32
60
11
71
59
22
73
97
63
10
32
34
65
62
22
73
89
52
3
81
81
57
23
34
59
45
59
17
66
91
19
33
18
37
14
66
95
71
90
89
48
41
95
26
18
80
93
44
86
71
79
36
62
98
72
55
86
71
7
64
40
23
94
50
83
39
73
32
20
65
69
54
87
26
11
95
23
28
37
55
35
29
65
14
4
81
86
76
40
52
3
74
40
74
83
81
48
37
57
29
61
38
14
74
53
29
29
41
54
15
99
45
59
12
39
44
19
34
12
43
57
56
21
22
100
12
22
91
62
33
74
59
90
72
18
91
65
49
49
69
45
30
36
61
10
95
51
53
53
4
5
89
11
71
30
14
91
62
97
12
69
96
43
33
49
56
56
30
99
9
17
71
48
49
44
94
72
98
54
26
77
67
93
32
95
61
48
40
14
55
54
7
40
34
86
77
67
77
8
61
63
59
64
26
77
51
39
55
27
82
87
14
71
9
49
32
85
21
49
65
61
47
94
58
49
51
23
23
56
90
23
39
54
18
83
93
17
21
23
62
87
4
38
31
57
27
76
64
60
82
5
31
66
19
70
37
100
80
7
61
100
44
62
59
38
50
71
18
39
63
30
23
30
68
52
12
29
75
16
93
59
33
1
76
32
73
38
45
85
61
84
32
4
19
16
28
70
46
34
23
72
14
94
20
11
50
79
42
53
46
67
23
46
89
90
72
68
4
35
67
24
81
90
58
92
97
48
61
8
100
23
91
31
42
46
87
22
70
24
100
53
56
78
43
25
93
34
48
70
51
12
69
41
37
96
87
94
77
63
14
2
77
42
31
36
46
38
54
5
23
43
64
57
4
94
46
62
42
22
68
29
20
34
14
76
3
65
7
29
88
47
76
77
67
59
34
7
88
62
4
51
24
76
1
31
100
82
27
10
25
21
69
66
34
48
86
57
70
13
5
4
26
53
45
74
31
47
9
33
40
43
74
6
49
65
37
14
77
12
88
46
35
94
41
79
14
38
33
40
48
85
6
84
96
14
9
73
71
9
83
52
76
29
27
7
65
56
50
84
8
78
6
10
4
6
41
32
86
48
41
9
100
66
84
96
89
53
65
32
20
14
80
18
41
9
68
65
61
33
46
7
73
86
90
16
59
54
1
96
51
84
66
79
47
63
23
92
46
40
8
96
20
32
56
55
27
54
58
19
51
25
3
32
5
74
15
23
70
9
60
6
52
92
65
78
75
71
92
95
55
62
36
69
74
94
46
2
76
41
36
62
31
40
94
55
78
97
95
84
60
73
89
92
16
71
54
1
8
30
4
37
77
16
75
85
95
6
45
1
52
30
12
24
26
26
2
34
21
57
29
30
24
55
20
63
65
90
26
70
76
72
99
27
38
96
53
86
32
63
68
84
79
81
84
36
84
8
40
89
7
12
86
61
68
2
93
29
25
41
20
34
40
9
73
34
90
64
94
55
75
86
72
97
74
3
98
93
76
50
98
67
54
58
10
63
36
19
92
87
60
13
40
46
32
23
9
58
44
51
52
25
47
75
49
53
58
60
27
88
93
11
67
63
43
80
60
35
60
75
57
5
67
8
69
70
4
82
8
33
99
29
94
64
10
45
67
46
70
19
14
19
99
9
17
13
78
7
14
1
38
46
99
45
78
3
90
76
41
64
62
21
44
5
10
76
26
20
16
21
10
1
50
34
34
23
88
2
24
6
17
61
76
24
69
25
21
95
6
41
88
51
49
38
46
36
45
95
12
33
47
15
38
51
69
85
33
13
61
11
24
65
81
98
26
37
76
86
37
25
20
40
67
19
25
63
94
35
49
45
97
86
65
13
19
5
7
100
17
33
8
19
70
38
2
78
43
6
30
46
2
26
38
45
20
38
10
41
18
87
19
79
67
17
77
9
79
78
57
33
36
36
7
93
8
75
88
13
44
1
47
1
41
26
45
46
1
8
18
69
96
81
50
72
63
9
73
37
9
13
44
6
15
1
32
85
71
6
40
77
86
65
25
38
70
6
25
66
78
34
5
51
94
58
82
50
46
90
20
7
27
73
32
59
73
76
65
91
66
14
89
70
87
24
70
67
62
33
53
69
56
38
21
84
27
34
91
74
98
40
34
98
40
100
7
54
80
87
31
84
5
89
16
56
80
21
18
9
97
33
35
50
77
45
24
8
35
3
67
47
71
35
90
75
89
65
53
27
63
27
76
28
44
46
34
84
47
34
62
41
92
83
65
57
60
82
67
22
47
58
6
62
31
90
3
12
48
57
47
25
32
98
26
1
59
86
34
16
98
9
47
72
25
81
26
82
88
18
23
85
64
90
81
3
47
10
25
78
9
19
71
61
94
15
78
20
68
87
12
26
56
25
68
97
4
81
71
22
16
98
86
31
77
64
55
18
36
78
18
68
47
59
32
78
68
7
95
100
57
91
24
24
78
32
74
29
66
97
4
30
97
82
45
17
31
85
39
61
4
77
77
100
14
98
44
23
75
26
53
92
60
29
87
87
93
99
61
34
44
84
8
19
3
33
41
46
2
46
34
12
32
91
78
55
4
61
54
20
72
97
96
52
72
41
9
35
8
47
21
1
20
100
66
95
75
74
44
17
53
45
36
7
31
56
2
51
6
16
27
4
51
46
25
99
55
52
18
59
84
53
88
14
28
93
19
94
85
62
22
24
20
36
34
78
38
54
83
39
55
52
86
16
28
41
71
54
92
85
31
7
2
73
20
56
26
66
55
26
56
55
53
62
91
48
82
77
59
14
7
36
77
98
12
4
73
22
24
89
33
29
5
13
40
15
70
58
32
19
20
13
1
69
11
51
31
83
46
98
76
43
28
96
91
96
98
25
6
83
73
12
77
59
82
78
27
79
90
16
60
89
48
32
66
67
81
28
70
38
70
68
96
1
14
37
21
9
53
19
9
44
77
62
32
90
66
30
88
68
100
74
100
47
24
91
51
38
30
8
44
22
97
24
42
97
63
39
55
85
48
48
87
30
30
83
52
69
3
51
30
65
53
1
80
65
75
22
38
47
75
63
64
98
58
7
26
55
79
3
48
51
28
4
58
4
11
64
68
22
55
77
5
89
63
3
26
81
56
59
32
41
5
45
52
93
35
19
98
78
17
40
52
65
38
90
98
7
9
15
30
34
81
59
67
54
66
17
8
18
12
51
75
19
22
15
19
29
65
95
23
36
72
15
80
68
27
86
44
40
1
60
2
33
4
88
8
3
73
89
19
90
48
43
73
100
72
15
24
69
33
64
21
7
51
33
63
87
53
10
81
52
80
44
42
6
53
39
53
28
69
23
72
28
85
35
40
28
90
99
79
42
42
14
69
68
63
65
62
40
78
26
54
48
6
87
19
91
12
46
56
38
75
92
43
82
44
95
