4
31
91
55
76
27
73
39
19
31
91
59
98
51
92
69
77
56
10
20
92
58
53
80
98
80
54
12
43
94
40
88
11
55
84
35
59
94
12
40
47
71
24
32
41
27
46
12
35
62
3
43
72
85
68
44
10
58
56
66
10
35
34
9
24
31
89
73
57
93
24
58
67
41
68
28
46
92
31
91
36
76
82
19
10
43
33
98
17
50
37
38
5
47
52
98
1
95
2
1
93
86
41
27
66
84
22
79
3
66
80
6
56
28
72
12
42
31
36
99
50
22
94
4
50
54
79
89
89
58
12
96
55
57
54
61
69
12
18
82
33
85
18
6
23
15
85
85
22
82
91
5
28
33
87
60
81
37
88
49
6
17
21
56
40
97
95
3
98
38
71
14
61
39
31
97
1
21
17
33
75
96
43
20
20
52
39
55
40
40
25
91
36
37
9
16
65
15
100
27
69
82
100
52
80
49
99
94
64
49
46
1
22
85
1
98
89
33
28
29
11
98
67
39
63
19
69
33
3
69
98
12
20
22
3
34
79
78
24
64
85
7
96
56
91
47
55
70
73
8
13
20
13
19
89
92
85
16
34
36
81
31
56
49
2
29
80
41
23
41
48
73
81
50
67
99
56
76
96
8
27
36
34
3
52
11
59
50
23
83
33
16
89
73
32
76
17
17
32
79
5
67
76
19
68
79
17
94
11
10
95
36
62
88
49
96
19
29
60
48
56
97
69
19
32
18
2
73
47
4
23
93
59
70
86
65
60
42
94
67
49
63
83
93
74
65
26
97
54
96
13
95
68
25
65
18
84
9
26
57
100
60
6
2
99
7
42
96
74
6
98
37
22
60
37
51
70
67
95
87
85
44
72
26
5
59
59
58
31
36
96
47
74
3
88
99
22
80
63
74
92
62
83
100
14
15
47
80
45
46
18
95
70
29
65
56
71
41
99
87
46
41
57
7
48
12
13
30
28
64
70
7
69
10
15
61
76
39
67
5
3
34
42
35
64
28
66
91
96
11
16
71
6
65
1
11
93
33
100
17
96
18
34
78
22
66
61
35
97
40
9
58
93
78
50
23
32
57
66
40
29
83
29
41
75
21
67
96
98
15
100
27
53
56
77
3
47
66
18
61
57
88
62
75
23
27
77
29
43
21
36
59
52
5
48
75
53
71
54
41
9
91
79
19
14
1
39
51
36
62
27
64
85
7
1
45
14
87
23
83
76
51
8
90
8
18
12
52
57
8
23
12
46
17
14
97
57
67
31
23
9
47
64
46
6
85
31
1
56
58
50
98
11
21
6
65
36
70
72
56
28
47
67
50
48
73
41
21
4
77
45
3
26
66
52
22
9
79
51
25
40
35
48
21
51
93
73
25
48
15
81
2
22
93
35
92
96
96
97
3
54
77
82
95
88
26
56
29
38
10
4
41
77
68
94
63
38
73
68
57
95
100
23
73
17
22
39
35
72
35
55
1
17
57
56
17
33
47
76
13
38
75
48
75
10
23
48
92
86
13
48
31
15
43
57
93
22
67
13
86
5
88
23
38
82
46
50
44
46
90
46
33
14
42
60
3
1
61
20
26
2
96
84
8
20
39
9
40
2
95
26
24
49
44
24
62
71
100
51
76
3
73
6
71
39
65
33
31
10
59
19
59
16
23
76
51
79
21
53
13
86
39
57
39
86
22
34
43
9
82
81
56
65
67
90
90
23
42
97
68
79
84
19
20
29
47
33
47
98
100
12
63
24
51
76
24
46
55
37
4
93
46
58
28
69
15
50
26
54
18
21
35
79
85
60
72
29
5
39
59
68
17
15
81
34
21
34
94
71
75
15
28
19
93
44
48
37
89
88
37
70
60
5
77
49
19
98
31
85
72
16
60
71
74
29
78
83
69
27
49
86
46
79
99
75
25
13
62
70
7
66
41
63
2
48
4
62
29
64
29
82
80
34
68
59
80
47
50
40
22
84
56
93
36
17
28
3
37
4
65
55
77
39
68
68
24
100
22
88
62
90
17
73
79
15
36
24
90
41
8
64
25
80
59
10
63
47
19
51
77
56
56
88
27
10
100
24
61
86
6
42
66
61
13
56
38
87
67
29
96
64
98
64
30
9
27
59
59
46
71
64
40
9
75
90
62
52
27
72
93
93
43
19
75
45
61
7
53
84
29
71
25
91
85
74
70
13
68
75
72
57
59
38
83
73
66
40
11
39
74
54
61
95
30
53
82
70
63
93
19
67
26
88
10
37
17
99
29
26
90
79
26
46
32
42
5
18
88
39
100
52
4
71
12
41
87
32
83
36
49
89
15
66
70
87
56
14
29
98
31
30
56
75
90
31
35
79
25
84
72
82
41
4
51
47
15
98
37
10
20
80
67
65
70
68
62
17
69
88
97
64
47
84
86
29
99
63
11
18
29
95
43
88
20
98
16
50
79
56
96
94
92
34
68
81
24
23
81
70
36
67
79
27
72
23
23
81
39
53
82
25
16
54
19
64
59
1
35
50
45
40
26
77
74
77
24
15
75
22
22
52
62
98
13
48
28
7
90
77
98
40
39
78
99
72
77
5
30
81
28
97
45
2
61
36
67
14
19
75
7
79
76
35
5
24
15
40
45
26
100
3
76
85
45
62
28
29
6
73
92
37
93
75
2
22
56
33
91
81
82
57
68
11
87
36
68
65
68
10
86
6
48
97
39
74
76
35
7
21
85
28
78
77
48
23
92
65
69
70
39
34
16
69
91
83
33
21
98
26
5
68
7
27
42
31
8
45
10
34
2
72
13
10
62
98
87
85
58
4
17
92
8
94
63
19
94
15
89
3
2
81
65
4
95
85
67
14
67
35
62
39
81
67
93
19
29
18
56
91
18
82
84
57
7
89
3
47
40
36
48
16
8
70
28
87
76
6
37
51
16
43
48
8
93
65
3
60
94
2
59
13
35
97
3
95
80
82
54
94
77
59
72
96
88
74
68
48
16
25
43
54
71
13
66
31
41
54
34
6
42
44
29
41
56
71
21
40
23
50
83
98
76
90
50
58
87
78
15
24
13
79
10
27
75
38
7
21
79
39
62
59
29
9
97
31
5
71
97
92
100
50
56
39
65
18
32
92
9
98
13
27
65
22
81
24
66
25
6
61
96
60
64
71
90
60
34
99
44
64
92
67
99
75
92
30
38
22
25
41
92
10
39
50
75
21
94
88
52
18
32
73
66
66
2
36
6
62
6
6
82
43
5
29
22
47
46
91
21
8
4
25
43
20
85
96
48
78
88
61
54
82
84
67
75
40
63
89
52
8
20
45
72
5
14
96
36
29
9
22
97
4
43
93
58
72
29
97
46
60
3
73
23
60
6
47
89
17
60
66
33
58
70
22
79
16
33
55
18
40
81
89
82
28
89
90
90
28
79
78
4
64
71
69
25
20
33
83
59
5
79
89
66
18
38
95
85
78
38
81
2
8
72
37
3
64
30
93
56
39
42
34
21
8
14
20
6
52
35
8
11
99
70
63
92
96
54
53
71
22
38
95
78
35
21
69
15
41
44
9
11
100
53
4
11
18
44
56
9
25
87
38
36
7
2
7
27
55
97
85
79
67
66
90
66
31
72
92
6
19
98
80
69
6
33
25
44
92
13
4
66
44
39
76
56
19
40
9
15
74
71
33
8
28
56
75
31
56
63
35
86
25
78
51
82
81
33
52
21
54
6
11
40
39
47
56
64
83
33
81
4
94
24
27
80
30
75
71
62
56
95
68
14
85
22
24
17
55
60
46
65
91
17
47
42
96
86
84
73
20
50
84
2
81
75
93
64
82
48
81
58
82
19
100
93
92
88
46
7
64
37
27
76
8
55
44
48
92
23
60
23
85
74
80
6
92
50
52
61
5
77
100
72
79
41
45
7
34
84
71
16
28
48
66
17
56
76
54
48
57
60
56
73
26
39
71
28
48
100
21
78
62
99
96
89
5
21
36
59
5
86
1
79
87
98
6
75
96
63
48
69
82
63
30
43
98
83
42
63
50
54
23
90
45
27
27
80
45
6
97
51
71
21
34
78
60
33
26
86
83
82
11
50
97
36
37
58
83
36
95
67
70
69
66
14
68
45
25
42
11
12
24
97
48
1
20
23
50
49
50
9
23
61
2
66
37
39
25
79
36
99
50
39
73
56
20
10
91
51
19
88
25
65
81
25
7
29
99
5
34
37
11
63
8
3
17
76
95
20
48
19
16
39
87
53
27
70
93
62
48
63
83
6
43
87
76
80
65
61
57
99
80
17
95
75
75
73
37
66
71
48
74
89
95
31
86
67
95
86
52
48
50
32
2
12
41
99
56
38
78
99
24
31
3
9
35
89
53
60
8
80
28
80
84
85
12
16
41
49
17
98
15
22
18
42
68
55
69
68
96
34
29
14
53
96
15
45
74
26
73
7
9
17
59
81
25
62
50
67
97
39
29
36
88
79
49
31
26
19
40
28
20
97
83
12
90
5
51
33
41
14
19
51
99
45
67
11
71
92
72
98
32
4
42
52
20
14
18
80
45
2
82
40
1
11
37
77
82
31
98
56
24
40
16
52
45
63
61
46
18
1
11
88
54
68
98
34
80
90
62
5
47
63
88
40
54
93
61
68
85
39
31
78
11
48
81
12
77
15
2
63
91
71
6
45
4
28
76
27
75
60
20
31
72
52
31
46
83
21
96
17
20
15
78
97
15
52
3
21
74
39
20
42
43
8
16
55
95
93
88
33
75
12
16
10
81
42
47
75
97
78
84
84
54
10
77
96
96
92
32
79
7
67
91
48
69
5
11
83
79
51
56
4
7
97
6
62
63
49
50
37
78
2
31
57
6
55
8
58
59
80
30
10
54
79
58
83
27
27
50
24
70
40
69
27
88
58
89
79
76
76
68
83
97
62
95
65
89
94
73
46
52
75
85
49
58
42
69
94
28
21
67
89
85
12
94
80
72
56
82
60
66
41
74
27
1
10
12
64
86
81
82
45
94
93
95
68
69
23
6
89
15
48
66
2
22
60
65
58
1
91
45
74
54
93
75
43
35
28
90
12
4
10
53
26
12
14
49
43
49
30
95
98
19
57
13
97
37
76
88
59
6
100
65
33
95
96
56
36
73
97
90
44
98
27
99
91
8
14
86
74
52
1
46
59
34
38
47
98
32
13
12
18
84
69
54
62
61
28
58
77
99
56
28
65
63
69
36
83
84
72
57
65
45
74
95
35
59
82
93
63
4
49
55
59
3
90
86
18
58
57
97
23
11
62
38
21
3
16
30
64
50
70
94
65
3
39
82
36
81
79
70
65
8
23
88
23
73
83
15
16
83
20
94
82
65
25
76
58
64
43
93
67
80
5
99
43
72
13
34
46
18
71
72
16
59
67
83
57
90
56
64
68
79
35
84
54
31
55
87
31
80
21
58
37
20
79
69
84
48
51
16
76
85
52
13
24
53
46
54
26
8
29
94
35
56
23
11
23
37
3
58
54
95
34
50
41
71
44
29
73
74
30
14
42
74
74
93
67
58
23
22
1
9
87
9
26
72
4
72
15
57
90
23
32
49
7
53
83
81
45
75
53
58
91
78
33
32
54
8
83
38
84
50
40
76
65
5
60
49
74
82
80
56
52
21
69
59
85
12
38
2
45
26
94
92
91
17
45
36
61
22
70
42
31
96
62
60
76
36
86
54
19
100
99
11
25
45
85
100
43
5
60
50
100
33
11
78
87
3
88
1
32
35
27
20
86
85
80
25
40
98
74
62
38
38
99
70
27
26
27
53
13
5
66
49
4
43
86
14
43
11
77
51
54
72
89
82
64
3
35
57
19
93
94
50
49
58
77
27
17
96
22
98
65
47
44
66
3
69
80
47
88
42
16
73
52
46
40
2
83
48
18
6
35
18
69
93
75
2
34
97
35
64
45
14
4
76
80
45
79
90
67
55
64
55
47
15
98
95
1
20
21
54
85
72
54
69
59
39
30
25
72
96
76
70
89
49
72
67
97
99
16
59
22
56
42
9
96
4
89
34
47
54
96
41
1
91
35
69
91
1
95
3
43
72
58
55
10
4
53
64
98
43
28
99
95
86
41
30
33
74
62
21
80
82
5
67
92
29
56
46
37
66
20
97
89
35
61
80
16
27
28
74
29
53
94
42
57
73
69
39
89
43
39
55
50
42
32
31
55
96
76
7
35
59
37
31
78
58
94
100
4
16
17
63
62
50
31
74
66
59
24
39
33
78
55
92
30
19
89
85
46
53
65
24
15
72
79
58
18
86
93
13
53
100
66
52
3
6
68
80
61
69
3
43
41
37
39
24
52
35
35
28
81
32
45
17
35
64
64
8
47
46
26
16
3
49
70
16
14
100
10
69
46
5
100
41
59
43
50
83
60
1
93
72
12
2
41
41
14
76
31
64
22
50
59
70
15
30
40
86
15
15
80
85
28
94
9
15
57
89
62
70
62
100
25
21
85
74
28
65
14
83
17
7
24
48
21
78
81
72
14
41
83
52
86
57
75
67
30
11
42
85
72
41
48
6
93
62
90
40
80
38
97
36
17
84
45
96
89
70
47
41
59
30
95
68
40
78
53
25
71
68
53
63
27
13
34
71
56
18
12
68
60
98
19
90
47
1
32
56
15
57
38
82
28
29
97
78
34
48
47
51
81
71
52
66
35
84
45
60
6
83
7
10
19
52
17
80
42
44
61
27
42
50
28
72
85
24
70
80
20
22
73
76
68
31
63
92
67
68
42
20
77
21
66
26
33
17
12
68
50
14
82
56
64
29
61
35
90
22
6
1
6
1
26
47
44
59
17
37
72
92
82
72
78
4
44
51
64
63
6
15
3
57
28
22
36
100
28
47
89
85
35
32
7
82
85
28
53
28
71
51
37
67
71
57
64
28
65
10
60
53
8
2
3
2
57
91
67
28
85
74
64
85
51
88
98
39
100
76
14
28
66
97
53
76
99
85
54
92
8
70
51
42
12
63
1
76
5
21
82
73
66
8
58
51
81
88
94
45
22
14
11
73
37
73
37
58
64
38
49
96
47
1
24
54
100
77
75
47
21
59
48
65
15
76
38
98
98
84
78
13
21
76
98
71
52
74
79
92
24
43
56
16
61
21
48
27
29
68
5
78
68
55
32
35
61
94
15
21
17
50
5
44
75
1
67
47
36
3
21
49
82
48
72
36
81
85
44
76
4
100
75
96
26
89
44
86
73
99
72
72
39
94
55
48
16
61
41
94
14
54
98
40
10
100
88
41
76
30
17
53
17
84
80
63
23
66
2
25
84
9
15
62
82
76
72
36
97
57
79
77
49
40
20
45
93
95
92
34
29
7
61
81
40
35
25
39
7
53
85
52
54
21
3
95
98
35
37
76
74
68
55
21
98
16
69
32
56
43
91
75
77
80
58
88
99
37
43
81
2
3
30
17
32
85
41
15
2
22
55
43
79
93
2
65
98
5
28
98
90
9
10
71
87
46
24
98
60
33
9
31
57
90
3
41
26
80
33
58
55
73
37
25
61
15
47
69
55
93
43
94
78
7
24
95
23
9
53
4
27
66
48
51
23
33
65
59
69
30
70
5
28
82
60
80
44
21
49
9
42
56
89
23
78
87
20
74
46
54
47
45
71
95
52
25
96
80
100
85
4
34
6
80
89
70
86
68
39
50
50
83
59
42
50
29
58
32
81
22
96
78
34
10
57
79
85
59
93
65
93
70
40
40
95
39
46
87
13
82
40
73
4
84
52
68
22
37
64
72
77
17
5
68
44
83
23
14
39
82
41
97
17
15
42
30
66
25
22
81
2
96
6
20
47
69
85
8
53
48
89
61
18
75
88
81
36
13
13
98
94
64
1
74
67
86
85
71
12
16
40
65
4
29
8
60
20
8
52
93
29
3
24
1
7
93
34
18
26
5
36
58
76
3
99
47
65
90
24
26
68
82
6
57
41
2
27
84
55
60
1
10
36
38
17
13
73
31
18
5
79
87
96
83
71
41
83
98
65
57
87
91
38
12
77
50
64
77
6
53
10
21
12
28
52
13
81
73
95
40
16
58
80
54
34
14
84
96
19
55
67
23
41
34
65
36
21
24
22
76
58
84
89
46
70
31
28
60
94
4
19
20
21
64
69
66
77
98
41
26
48
38
70
72
34
36
92
3
9
40
70
16
12
91
95
19
58
25
42
14
76
12
77
23
96
44
59
91
45
58
46
22
39
18
66
46
55
91
59
26
85
60
10
65
5
100
16
60
89
92
59
36
22
61
24
95
45
75
69
38
74
48
47
84
67
16
48
29
68
91
20
4
58
15
37
38
41
62
39
66
82
69
78
16
23
32
14
83
17
13
60
17
43
8
78
27
52
72
46
93
28
90
92
73
58
45
81
26
76
75
35
1
26
24
9
95
56
77
77
59
69
56
87
74
85
26
82
31
53
51
48
18
27
70
61
75
55
14
73
5
17
31
43
32
41
7
37
93
76
81
14
90
17
26
87
32
55
73
65
16
26
41
21
84
34
5
74
59
46
45
92
20
90
89
78
92
4
69
47
69
12
52
61
36
23
27
37
54
21
51
32
68
80
90
20
66
9
51
79
73
93
28
36
7
4
87
40
61
12
18
98
30
85
91
96
79
42
73
92
50
14
10
66
4
80
94
15
28
84
1
83
26
3
28
37
73
15
20
85
92
13
60
20
71
77
58
100
23
50
60
96
37
48
90
53
73
95
34
73
3
18
34
49
4
79
61
2
44
77
28
22
6
66
59
33
39
86
84
15
45
41
5
34
50
25
52
69
24
96
34
58
98
52
36
15
56
86
21
70
14
68
17
86
45
87
25
93
1
97
37
79
16
13
56
97
26
28
69
51
17
10
6
2
85
50
3
90
75
71
8
22
19
76
65
37
28
25
65
79
54
23
69
80
100
64
38
1
41
59
24
69
2
78
31
76
83
60
11
65
97
86
32
25
5
52
51
32
13
26
32
17
100
26
6
51
66
39
49
87
65
91
79
36
10
48
70
69
97
17
45
17
31
100
96
10
55
87
1
89
85
82
1
48
5
6
2
78
3
71
48
27
10
22
22
43
72
13
13
81
100
96
42
17
38
5
75
69
29
82
85
99
93
29
78
15
100
12
6
86
12
12
88
96
98
94
18
45
67
81
76
33
84
73
43
97
11
78
30
58
74
8
40
58
10
1
24
71
29
97
39
47
10
19
26
9
85
48
57
89
54
74
27
14
35
73
15
99
72
84
93
49
67
21
87
80
16
47
1
36
52
83
35
2
45
29
66
64
44
48
16
73
73
1
24
77
29
28
55
27
45
95
16
33
50
11
31
73
38
40
36
66
92
44
93
1
21
91
49
89
86
99
21
36
45
4
15
100
100
51
36
62
87
68
57
10
62
57
73
36
18
74
52
58
83
76
58
45
86
57
37
10
40
35
100
100
84
18
20
63
40
15
29
77
94
58
26
2
87
22
90
12
52
9
13
92
90
68
34
65
50
84
30
70
40
37
79
95
99
80
31
78
24
11
94
7
35
77
30
82
98
47
55
14
2
27
99
59
35
58
11
51
21
24
48
83
32
51
17
19
20
56
63
75
26
76
98
12
52
89
91
69
97
96
80
22
65
33
92
30
38
32
23
76
38
88
75
57
42
16
90
30
86
25
20
93
82
35
17
94
10
42
26
42
19
65
42
14
74
7
61
35
22
35
41
78
59
76
23
93
41
70
53
34
20
93
69
55
37
29
44
22
84
17
53
8
31
17
55
40
12
26
63
30
76
72
55
8
20
6
59
83
64
53
51
56
75
67
20
81
24
68
16
62
72
40
8
55
81
43
16
53
93
90
1
11
90
69
95
64
10
51
66
83
100
99
34
74
60
83
100
38
80
49
21
93
36
66
10
84
38
100
29
6
81
86
23
88
38
84
30
29
38
66
62
12
19
35
57
1
82
18
80
9
63
48
50
80
52
85
60
15
35
30
81
8
36
55
93
56
76
31
63
43
37
65
96
66
43
73
93
62
94
92
45
13
22
86
32
15
89
85
78
83
65
6
42
63
34
64
60
95
16
27
16
15
21
71
92
86
52
100
19
99
8
14
27
85
20
44
10
26
8
95
46
90
12
46
65
44
59
2
67
70
2
31
73
14
45
14
44
6
66
42
91
91
84
25
1
53
32
33
72
7
37
86
62
80
99
48
22
15
13
15
49
96
46
15
26
71
38
2
92
64
41
66
17
22
2
35
46
41
46
67
77
55
89
24
33
25
76
72
86
28
25
49
79
44
46
46
52
36
28
3
100
94
92
97
86
51
17
100
35
57
19
30
59
17
47
46
49
99
82
89
14
100
34
18
21
60
14
65
100
94
2
59
83
76
93
6
93
77
97
78
2
72
46
25
85
39
96
33
86
69
36
91
95
45
87
91
40
65
75
80
100
70
66
92
94
55
82
71
2
1
11
43
59
4
72
77
4
38
39
81
31
61
97
37
69
74
2
80
73
92
80
81
72
97
94
35
84
63
26
51
71
32
44
51
10
12
82
82
36
5
55
48
37
10
73
84
52
14
82
13
80
43
16
100
8
77
94
35
20
60
12
80
90
58
69
42
93
28
99
46
76
19
28
85
39
35
32
2
23
47
49
10
45
59
75
46
60
6
90
10
12
61
83
9
11
90
26
11
86
20
69
50
42
8
87
33
45
54
86
41
2
46
14
48
95
16
20
73
20
85
41
21
95
40
63
92
83
32
5
93
10
19
60
98
59
62
83
28
14
50
80
55
15
71
35
23
96
53
62
60
22
37
85
52
28
4
6
23
76
55
82
47
38
99
75
30
41
98
37
10
20
52
40
96
35
67
20
19
76
49
53
75
4
80
37
85
1
69
13
28
20
86
6
97
90
64
7
91
37
12
86
68
14
82
98
26
67
85
7
76
38
47
74
31
8
3
91
7
3
63
32
65
42
21
88
48
25
13
81
68
81
53
96
74
64
44
24
19
12
17
66
87
9
85
11
75
9
15
50
71
70
40
37
76
83
21
13
48
66
61
7
76
24
92
16
1
79
30
55
71
77
40
23
14
31
8
41
77
72
33
42
11
81
36
96
15
3
70
15
83
15
21
97
15
38
60
80
55
8
81
62
63
30
34
51
37
11
80
73
9
57
51
35
64
97
38
32
4
69
49
46
1
93
46
75
25
89
33
43
82
31
98
14
42
79
22
2
78
62
93
82
33
25
41
25
82
97
2
26
48
19
23
94
12
1
6
32
27
76
50
34
55
4
46
97
25
