0.000073
0.000198
0.000072
0.000069
0.000068
0.000068
0.000070
0.000068
0.000068
0.000069
0.000156
0.000071
0.000069
0.000070
0.000155
0.000197
0.000180
0.000069
0.000068
0.000069
0.000197
0.000198
0.000070
0.000068
0.000069
0.000068
0.000068
0.000082
0.000199
0.000152
0.000118
0.000198
0.000102
0.000069
0.000196
0.000069
0.000081
0.000068
0.000069
0.000198
0.000142
0.000068
0.000068
0.000069
0.000068
0.000068
0.000068
0.000069
0.000069
0.000101
0.000068
0.000069
0.000200
0.000154
0.000163
0.000070
0.000067
0.000069
0.000067
0.000069
0.000070
0.000069
0.000068
0.000197
0.000198
0.000198
0.000155
0.000152
0.000071
0.000086
0.000068
0.000069
0.000068
0.000069
0.000148
0.000153
0.000069
0.000074
0.000069
0.000152
0.000069
0.000071
0.000072
0.000106
0.000152
0.000069
0.000072
0.000154
0.000071
0.000085
0.000068
0.000068
0.000069
0.000068
0.000067
0.000075
0.000166
0.000071
0.000069
0.000069
0.000155
0.000182
0.000068
0.000073
0.000069
0.000069
0.000072
0.000069
0.000068
0.000068
0.000091
0.000154
0.000072
0.000153
0.000070
0.000068
0.000152
0.000069
0.000068
0.000068
0.000103
0.000068
0.000067
0.000195
0.000072
0.000072
0.000152
0.000071
0.000151
0.000123
0.000152
0.000068
0.000069
0.000068
0.000167
0.000152
0.000201
0.000070
0.000198
0.000197
0.000153
0.000070
0.000068
0.000151
0.000072
0.000069
0.000068
0.000154
0.000069
0.000068
0.000070
0.000153
0.000072
0.000071
0.000069
0.000068
0.000153
0.000185
0.000201
0.000068
0.000068
0.000068
0.000153
0.000069
0.000068
0.000180
0.000071
0.000070
0.000069
0.000069
0.000072
0.000070
0.000069
0.000068
0.000068
0.000069
0.000197
0.000068
0.000069
0.000066
0.000067
0.000068
0.000224
0.000071
0.000069
0.000070
0.000069
0.000068
0.000153
0.000165
0.000151
0.000072
0.000153
0.000153
0.000069
0.000067
0.000069
0.000073
0.000068
0.000071
0.000067
0.000067
0.000069
0.000068
0.000069
0.000068
0.000068
0.000068
0.000068
0.000069
0.000177
0.000072
0.000173
0.000069
0.000073
0.000069
0.000068
0.000068
0.000080
0.000068
0.000069
0.000067
0.000069
0.000157
0.000156
0.000072
0.000068
0.000069
0.000068
0.000067
0.000068
0.000072
0.000158
0.000069
0.000074
0.000069
0.000072
0.000072
0.000069
0.000069
0.000069
0.000069
0.000070
0.000069
0.000196
0.000070
0.000141
0.000153
0.000071
0.000156
0.000158
0.000086
0.000068
0.000068
0.000069
0.000077
0.000070
0.000070
0.000070
0.000075
0.000154
0.000070
0.000154
0.000072
0.000153
0.000070
0.000155
0.000231
0.000068
0.000068
0.000181
0.000069
0.000166
0.000153
0.000184
0.000152
0.000071
0.000153
0.000069
0.000155
0.000197
0.000071
0.000068
0.000070
0.000069
0.000072
0.000153
0.000069
0.000070
0.000164
0.000069
0.000074
0.000153
0.000069
0.000071
0.000068
0.000072
0.000069
0.000152
0.000152
0.000153
0.000069
0.000201
0.000152
0.000071
0.000154
0.000153
0.000072
0.000069
0.000235
0.000070
0.000068
0.000170
0.000069
0.000068
0.000069
0.000077
0.000070
0.000153
0.000068
0.000075
0.000152
0.000151
0.000159
0.000071
0.000071
0.000071
0.000068
0.000178
0.000069
0.000171
0.000069
0.000195
0.000070
0.000153
0.000142
0.000068
0.000069
0.000081
0.000155
0.000152
0.000069
0.000071
0.000068
0.000068
0.000153
0.000153
0.000085
0.000072
0.000069
0.000068
0.000070
0.000068
0.000151
0.000154
0.000073
0.000067
0.000152
0.000068
0.000071
0.000154
0.000081
0.000072
0.000151
0.000070
0.000073
0.000141
0.000068
0.000069
0.000072
0.000068
0.000068
0.000068
0.000070
0.000152
0.000164
0.000156
0.000153
0.000073
0.000068
0.000068
0.000154
0.000070
0.000068
0.000069
0.000068
0.000072
0.000154
0.000069
0.000083
0.000161
0.000100
0.000150
0.000081
0.000068
0.000153
0.000069
0.000069
0.000161
0.000069
0.000071
0.000159
0.000072
0.000151
0.000195
0.000069
0.000071
0.000069
0.000196
0.000188
0.000069
0.000081
0.000074
0.000071
0.000151
0.000069
0.000072
0.000069
0.000069
0.000068
0.000069
0.000070
0.000153
0.000196
0.000071
0.000073
0.000068
0.000151
0.000179
0.000069
0.000090
0.000165
0.000073
0.000153
0.000202
0.000068
0.000072
0.000069
0.000069
0.000151
0.000068
0.000067
0.000069
0.000081
0.000069
0.000069
0.000071
0.000154
0.000117
0.000152
0.000198
0.000069
0.000071
0.000152
0.000155
0.000069
0.000194
0.000069
0.000152
0.000069
0.000072
0.000068
0.000068
0.000067
0.000154
0.000074
0.000068
0.000068
0.000068
0.000068
0.000068
0.000069
0.000068
0.000152
0.000069
0.000152
0.000073
0.000069
0.000068
0.000069
0.000153
0.000196
0.000069
0.000070
0.000153
0.000121
0.000153
0.000069
0.000154
0.000075
0.000069
0.000068
0.000067
0.000067
0.000068
0.000068
0.000070
0.000072
0.000086
0.000070
0.000153
0.000068
0.000071
0.000112
0.000154
0.000068
0.000198
0.000154
0.000069
0.000073
0.000068
0.000068
0.000068
0.000068
0.000069
0.000069
0.000069
0.000153
0.000070
0.000068
0.000071
0.000153
0.000086
0.000072
0.000068
0.000069
0.000068
0.000069
0.000068
0.000069
0.000068
0.000068
0.000069
0.000090
0.000068
0.000071
0.000089
0.000071
0.000195
0.000072
0.000068
0.000068
0.000069
0.000068
0.000068
0.000068
0.000080
0.000070
0.000069
0.000068
0.000069
0.000176
0.000114
0.000104
0.000072
0.000071
0.000068
0.000164
0.000069
0.000153
0.000072
0.000155
0.000152
0.000152
0.000072
0.000153
0.000068
0.000152
0.000154
0.000072
0.000153
0.000069
0.000067
0.000151
0.000152
0.000068
0.000070
0.000069
0.000077
0.000153
0.000072
0.000153
0.000072
0.000072
0.000071
0.000071
0.000072
0.000154
0.000199
0.000070
0.000069
0.000070
0.000068
0.000082
0.000152
0.000181
0.000068
0.000071
0.000068
0.000072
0.000154
0.000067
0.000142
0.000068
0.000068
0.000072
0.000071
0.000070
0.000178
0.000070
0.000084
0.000071
0.000070
0.000154
0.000090
0.000071
0.000068
0.000068
0.000068
0.000068
0.000068
0.000071
0.000154
0.000069
0.000068
0.000164
0.000075
0.000068
0.000067
0.000083
0.000068
0.000069
0.000068
0.000067
0.000189
0.000153
0.000071
0.000154
0.000153
0.000151
0.000070
0.000072
0.000070
0.000069
0.000067
0.000152
0.000151
0.000100
0.000152
0.000070
0.000081
0.000069
0.000068
0.000066
0.000069
0.000162
0.000073
0.000069
0.000153
0.000153
0.000154
0.000187
0.000070
0.000152
0.000194
0.000069
0.000068
0.000068
0.000153
0.000071
0.000069
0.000067
0.000068
0.000069
0.000067
0.000068
0.000069
0.000069
0.000087
0.000068
0.000068
0.000068
0.000068
0.000174
0.000152
0.000160
0.000070
0.000156
0.000072
0.000083
0.000073
0.000071
0.000069
0.000071
0.000070
0.000155
0.000071
0.000069
0.000156
0.000152
0.000072
0.000068
0.000069
0.000068
0.000068
0.000069
0.000068
0.000068
0.000072
0.000072
0.000070
0.000155
0.000151
0.000075
0.000154
0.000073
0.000071
0.000153
0.000068
0.000197
0.000081
0.000069
0.000068
0.000069
0.000154
0.000069
0.000068
0.000069
0.000068
0.000068
0.000068
0.000211
0.000072
0.000069
0.000067
0.000195
0.000154
0.000069
0.000154
0.000069
0.000148
0.000197
0.000180
0.000158
0.000199
0.000069
0.000068
0.000068
0.000067
0.000069
0.000070
0.000152
0.000069
0.000154
0.000069
0.000088
0.000127
0.000154
0.000073
0.000071
0.000070
0.000068
0.000068
0.000068
0.000068
0.000069
0.000177
0.000071
0.000068
0.000154
0.000152
0.000154
0.000078
0.000156
0.000072
0.000154
0.000085
0.000181
0.000071
0.000070
0.000068
0.000068
0.000068
0.000068
0.000068
0.000068
0.000067
0.000069
0.000073
0.000161
0.000071
0.000151
0.000153
0.000069
0.000153
0.000070
0.000070
0.000196
0.000151
0.000069
0.000178
0.000152
0.000068
0.000069
0.000075
0.000068
0.000068
0.000072
0.000069
0.000069
0.000069
0.000070
0.000151
0.000069
0.000153
0.000151
0.000069
0.000081
0.000152
0.000071
0.000069
0.000152
0.000152
0.000068
0.000069
0.000068
0.000068
0.000152
0.000068
0.000067
0.000072
0.000070
0.000072
0.000068
0.000105
0.000153
0.000072
0.000068
0.000068
0.000068
0.000068
0.000068
0.000068
0.000067
0.000068
0.000155
0.000069
0.000069
0.000068
0.000068
0.000069
0.000184
0.000072
0.000069
0.000084
0.000068
0.000068
0.000069
0.000071
0.000153
0.000152
0.000071
0.000068
0.000069
0.000068
0.000068
0.000070
0.000070
0.000076
0.000068
0.000070
0.000071
0.000154
0.000071
0.000152
0.000070
0.000070
0.000069
0.000068
0.000067
0.000068
0.000068
0.000068
0.000158
0.000071
0.000070
0.000069
0.000154
0.000069
0.000069
0.000069
0.000070
0.000069
0.000068
0.000068
0.000068
0.000067
0.000068
0.000067
0.000070
0.000184
0.000070
0.000071
0.000153
0.000069
0.000069
0.000070
0.000153
0.000154
0.000069
0.000196
0.000069
0.000069
0.000072
0.000073
0.000153
0.000071
0.000068
0.000069
0.000068
0.000069
0.000073
0.000068
0.000068
0.000069
0.000069
0.000155
0.000072
0.000153
0.000070
0.000163
0.000160
0.000089
0.000072
0.000151
0.000071
0.000068
0.000071
0.000153
0.000070
0.000067
0.000067
0.000068
0.000068
0.000067
0.000154
0.000071
0.000068
0.000070
0.000069
0.000069
0.000068
0.000072
0.000068
0.000068
0.000068
0.000068
0.000067
0.000067
0.000069
0.000070
0.000079
0.000070
0.000068
0.000070
0.000070
0.000072
0.000138
0.000153
0.000067
0.000068
0.000068
0.000069
0.000068
0.000069
0.000156
0.000196
0.000152
0.000074
0.000070
0.000070
0.000070
0.000067
0.000067
0.000069
0.000067
0.000068
0.000068
0.000070
0.000068
0.000154
0.000070
0.000068
0.000068
0.000085
0.000154
0.000179
0.000072
0.000153
0.000155
0.000198
0.000068
0.000071
0.000069
0.000071
0.000152
0.000070
0.000076
0.000200
0.000068
0.000152
0.000067
0.000068
0.000068
0.000068
0.000086
0.000069
0.000068
0.000068
0.000069
0.000068
0.000068
0.000068
0.000073
0.000072
0.000068
0.000068
0.000080
0.000067
0.000067
0.000067
0.000068
0.000152
0.000067
0.000068
0.000152
0.000068
0.000071
0.000068
0.000196
0.000106
0.000072
0.000069
0.000069
0.000152
0.000069
0.000086
0.000068
0.000068
0.000068
0.000068
0.000154
0.000199
0.000068
0.000068
0.000067
0.000073
0.000078
0.000072
0.000069
0.000070
0.000070
0.000068
0.000097
0.000156
0.000069
0.000071
0.000071
0.000068
0.000067
0.000095
0.000117
0.000085
0.000072
0.000068
0.000069
0.000089
0.000154
0.000068
0.000069
0.000069
0.000068
0.000067
0.000068
0.000068
0.000067
0.000068
0.000072
0.000081
0.000196
0.000078
0.000073
0.000070
0.000073
0.000067
0.000069
0.000067
0.000067
0.000068
0.000067
0.000066
0.000081
0.000070
0.000067
0.000067
0.000070
0.000069
0.000068
0.000083
0.000154
0.000071
0.000154
0.000068
0.000068
0.000068
0.000068
0.000068
0.000069
0.000067
0.000069
0.000069
0.000067
0.000068
0.000155
0.000069
0.000152
0.000068
0.000073
0.000070
0.000073
0.000068
0.000067
0.000068
0.000069
0.000068
0.000067
0.000068
0.000155
0.000068
0.000069
0.000068
0.000068
0.000069
0.000068
0.000068
0.000157
0.000072
0.000069
0.000069
0.000069
0.000116
0.000086
0.000069
0.000069
0.000069
0.000068
0.000068
0.000068
0.000068
0.000068
0.000162
0.000069
0.000074
0.000069
0.000153
0.000155
0.000068
0.000067
0.000080
0.000151
0.000069
0.000069
0.000067
0.000091
0.000068
0.000070
0.000067
0.000073
0.000152
0.000081
0.000069
0.000078
0.000073
0.000067
0.000068
0.000068
0.000069
0.000069
0.000213
0.000072
0.000071
0.000068
0.000068
0.000071
0.000069
0.000079
0.000072
0.000154
0.000068
0.000068
0.000081
0.000068
0.000068
0.000068
0.000069
0.000067
0.000068
0.000068
0.000068
0.000153
0.000152
0.000068
0.000068
0.000069
0.000072
0.000068
0.000067
0.000069
0.000069
0.000068
0.000068
0.000068
0.000070
0.000068
0.000068
0.000070
0.000069
0.000068
0.000068
0.000068
0.000069
0.000068
0.000071
0.000072
0.000072
0.000071
0.000067
0.000069
0.000068
0.000081
0.000068
0.000068
0.000069
0.000068
0.000067
0.000067
0.000067
0.000068
0.000069
0.000067
0.000068
0.000070
0.000076
0.000071
0.000073
0.000070
0.000069
0.000067
0.000078
0.000143
0.000068
0.000068
0.000068
0.000068
0.000081
0.000068
0.000068
0.000068
0.000069
0.000071
0.000071
0.000070
0.000072
0.000067
0.000068
0.000068
0.000068
0.000067
0.000080
0.000067
0.000081
0.000082
0.000069
0.000069
0.000199
0.000069
0.000068
0.000068
0.000072
0.000084
0.000071
0.000067
0.000069
0.000068
0.000068
0.000067
0.000123
0.000068
0.000068
0.000067
0.000069
0.000069
0.000068
0.000068
0.000068
0.000068
0.000068
0.000073
0.000071
0.000071
0.000068
0.000068
0.000068
0.000068
0.000068
0.000068
0.000076
0.000068
0.000069
0.000068
0.000069
0.000067
0.000068
0.000069
0.000069
0.000068
0.000073
0.000077
0.000068
0.000068
0.000069
0.000069
0.000067
0.000069
0.000068
0.000068
0.000069
0.000068
0.000068
0.000068
0.000074
0.000069
0.000069
0.000068
0.000106
0.000157
0.000071
0.000196
0.000069
0.000068
0.000068
0.000070
0.000069
0.000068
0.000069
0.000073
0.000068
0.000068
0.000067
0.000068
0.000068
0.000069
0.000072
0.000074
0.000072
0.000069
0.000068
0.000068
0.000068
0.000068
0.000068
0.000068
0.000068
0.000068
0.000083
0.000067
0.000068
0.000068
0.000123
0.000068
0.000068
0.000068
0.000072
0.000071
0.000069
0.000068
0.000068
0.000068
0.000068
0.000067
0.000080
0.000068
0.000067
0.000068
0.000068
0.000068
0.000067
0.000068
0.000068
0.000067
0.000068
0.000068
0.000075
0.000071
0.000155
0.000069
0.000068
0.000069
0.000068
0.000075
0.000152
0.000069
0.000067
0.000069
0.000071
0.000068
0.000067
0.000068
0.000068
0.000069
0.000156
0.000071
0.000068
0.000067
0.000069
0.000067
0.000073
0.000069
0.000068
0.000067
0.000068
0.000068
0.000068
0.000067
0.000068
0.000068
0.000069
0.000067
0.000073
0.000068
0.000068
0.000071
0.000072
0.000067
0.000068
0.000068
0.000072
0.000069
0.000197
0.000069
0.000067
0.000068
0.000069
0.000072
0.000071
0.000084
0.000157
0.000127
0.000073
0.000194
0.000068
0.000068
0.000067
0.000067
0.000068
0.000068
0.000080
0.000086
0.000068
0.000068
0.000069
0.000068
0.000069
0.000067
0.000179
0.000072
0.000080
0.000068
0.000080
0.000069
0.000069
0.000068
0.000069
0.000073
0.000072
0.000068
0.000068
0.000070
0.000152
0.000067
0.000067
0.000072
0.000069
0.000069
0.000071
0.000068
0.000069
0.000067
0.000155
0.000071
0.000197
0.000069
0.000068
0.000067
0.000068
0.000069
0.000068
0.000068
0.000068
0.000069
0.000068
0.000069
0.000069
0.000067
0.000068
0.000068
0.000068
0.000069
0.000068
0.000153
0.000069
0.000069
0.000067
0.000068
0.000068
0.000069
0.000087
0.000068
0.000068
0.000069
0.000068
0.000068
0.000067
0.000068
0.000068
0.000069
0.000073
0.000071
0.000069
0.000067
0.000068
0.000068
0.000067
0.000068
0.000069
0.000068
0.000065
0.000068
0.000067
0.000068
0.000067
0.000069
0.000068
0.000068
0.000068
0.000069
0.000069
0.000069
0.000068
0.000076
0.000087
0.000068
0.000067
0.000071
0.000101
0.000068
0.000068
0.000070
0.000072
0.000067
0.000068
0.000068
0.000068
0.000068
0.000068
0.000069
0.000087
0.000074
0.000068
0.000068
0.000068
0.000068
0.000069
0.000067
0.000068
0.000071
0.000070
0.000069
0.000069
0.000068
0.000080
0.000069
0.000152
0.000154
0.000068
0.000068
0.000067
0.000069
0.000074
0.000067
0.000068
0.000069
0.000152
0.000068
0.000153
0.000068
0.000068
0.000071
0.000087
0.000067
0.000068
0.000158
0.000152
0.000069
0.000068
0.000068
0.000068
0.000067
0.000068
0.000072
0.000069
0.000152
0.000069
0.000069
0.000069
0.000069
0.000083
0.000074
0.000068
0.000069
0.000068
0.000068
0.000069
0.000067
0.000067
0.000068
0.000068
0.000068
0.000069
0.000069
0.000070
0.000070
0.000068
0.000069
0.000071
0.000068
0.000072
0.000076
0.000069
0.000068
0.000068
0.000067
0.000068
0.000068
0.000067
0.000084
0.000070
0.000067
0.000068
0.000068
0.000069
0.000068
0.000068
0.000068
0.000068
0.000068
0.000073
0.000068
0.000071
0.000068
0.000068
0.000069
0.000069
0.000068
0.000069
0.000068
0.000068
0.000069
0.000071
0.000084
0.000068
0.000068
0.000068
0.000072
0.000069
0.000068
0.000068
0.000068
0.000068
0.000068
0.000069
0.000068
0.000069
0.000068
0.000068
0.000068
0.000068
0.000068
0.000068
0.000072
0.000070
0.000070
0.000068
0.000077
0.000068
0.000070
0.000072
0.000075
0.000081
0.000068
0.000071
0.000068
0.000068
0.000070
0.000067
0.000068
0.000068
0.000071
0.000068
0.000068
0.000068
0.000067
0.000067
0.000068
0.000067
0.000069
0.000191
0.000095
0.000068
0.000069
0.000068
0.000087
0.000068
0.000068
0.000068
0.000069
0.000068
0.000068
0.000069
0.000068
0.000155
0.000071
0.000067
0.000069
0.000072
0.000068
0.000067
0.000068
0.000068
0.000068
0.000067
0.000069
0.000068
0.000068
0.000079
0.000069
0.000067
0.000069
0.000069
0.000068
0.000081
0.000067
0.000075
0.000068
0.000068
0.000068
0.000069
0.000068
0.000068
0.000068
0.000068
0.000068
0.000068
0.000068
0.000068
0.000069
0.000068
0.000067
0.000069
0.000069
0.000068
0.000068
0.000069
0.000068
0.000069
0.000072
0.000067
0.000069
0.000068
0.000068
0.000068
0.000068
0.000071
0.000068
0.000068
0.000153
0.000069
0.000154
0.000069
0.000196
0.000069
0.000071
0.000067
0.000068
0.000067
0.000067
0.000069
0.000068
0.000152
0.000069
0.000068
0.000152
0.000229
0.000069
0.000068
0.000068
0.000069
0.000081
0.000068
0.000068
0.000068
0.000068
0.000081
0.000071
0.000085
0.000068
0.000068
0.000068
0.000067
0.000068
0.000069
0.000068
0.000072
0.000068
0.000068
0.000068
0.000068
0.000080
0.000068
0.000152
0.000068
0.000068
0.000068
0.000067
0.000068
0.000069
0.000068
0.000068
0.000079
0.000071
0.000081
0.000151
0.000068
0.000067
0.000068
0.000069
0.000069
0.000068
0.000069
0.000067
0.000068
0.000069
0.000068
0.000069
0.000068
0.000069
0.000068
0.000068
0.000068
0.000078
0.000075
0.000154
0.000068
0.000068
0.000068
0.000068
0.000071
0.000068
0.000080
0.000068
0.000068
0.000068
0.000069
0.000068
0.000068
0.000067
0.000068
0.000078
0.000068
0.000068
0.000069
0.000068
0.000068
0.000068
0.000067
0.000070
0.000068
0.000068
0.000068
0.000069
0.000069
0.000067
0.000069
0.000070
0.000068
0.000068
0.000080
0.000068
0.000069
0.000068
0.000068
0.000068
0.000067
0.000068
0.000069
0.000107
0.000068
0.000068
0.000068
0.000068
0.000067
0.000069
0.000068
0.000069
0.000069
0.000068
0.000081
0.000069
0.000068
0.000070
0.000068
0.000068
0.000069
0.000069
0.000068
0.000069
0.000068
0.000068
0.000068
0.000068
0.000069
0.000069
0.000068
0.000068
0.000069
0.000067
0.000068
0.000069
0.000070
0.000088
0.000068
0.000069
0.000068
0.000080
0.000068
0.000068
0.000069
0.000068
0.000068
0.000069
0.000071
0.000197
0.000171
0.000070
0.000070
0.000070
0.000072
0.000201
0.000199
0.000070
0.000069
0.000069
0.000069
0.000181
0.000153
0.000068
0.000069
0.000152
0.000152
0.000070
0.000070
0.000073
0.000070
0.000069
0.000069
0.000068
0.000085
0.000155
0.000072
0.000153
0.000069
0.000153
0.000185
0.000152
0.000069
0.000068
0.000070
0.000072
0.000069
0.000068
