0.000124
0.000122
0.000342
0.000119
0.000120
0.000119
0.000144
0.000144
0.000169
0.000270
0.000124
0.000119
0.000206
0.000296
0.000229
0.000120
0.000123
0.000119
0.000120
0.000119
0.000120
0.000120
0.000392
0.000126
0.000118
0.000120
0.000259
0.000298
0.000119
0.000116
0.000119
0.000265
0.000303
0.000276
0.000137
0.000117
0.000126
0.000119
0.000120
0.000119
0.000119
0.000118
0.000118
0.000304
0.000270
0.000119
0.000118
0.000121
0.000270
0.000266
0.000268
0.000297
0.000125
0.000120
0.000120
0.000266
0.000124
0.000327
0.000123
0.000119
0.000372
0.000265
0.000126
0.000125
0.000122
0.000267
0.000196
0.000264
0.000120
0.000119
0.000118
0.000118
0.000120
0.000118
0.000117
0.000117
0.000268
0.000271
0.000117
0.000123
0.000121
0.000118
0.000118
0.000121
0.000117
0.000116
0.000116
0.000118
0.000118
0.000118
0.000119
0.000272
0.000276
0.000264
0.000265
0.000120
0.000126
0.000292
0.000118
0.000116
0.000119
0.000118
0.000275
0.000277
0.000271
0.000288
0.000271
0.000126
0.000264
0.000120
0.000119
0.000118
0.000118
0.000416
0.000125
0.000269
0.000196
0.000261
0.000317
0.000141
0.000115
0.000118
0.000115
0.000125
0.000271
0.000211
0.000122
0.000264
0.000120
0.000118
0.000139
0.000342
0.000119
0.000121
0.000265
0.000121
0.000264
0.000124
0.000119
0.000120
0.000303
0.000119
0.000119
0.000121
0.000269
0.000120
0.000122
0.000117
0.000118
0.000118
0.000119
0.000120
0.000119
0.000121
0.000121
0.000118
0.000116
0.000121
0.000272
0.000120
0.000119
0.000265
0.000123
0.000119
0.000121
0.000118
0.000121
0.000248
0.000115
0.000265
0.000123
0.000125
0.000119
0.000119
0.000264
0.000262
0.000123
0.000121
0.000120
0.000118
0.000119
0.000119
0.000121
0.000118
0.000122
0.000343
0.000123
0.000116
0.000119
0.000119
0.000119
0.000269
0.000297
0.000120
0.000121
0.000119
0.000128
0.000269
0.000125
0.000121
0.000119
0.000298
0.000119
0.000143
0.000116
0.000265
0.000267
0.000266
0.000126
0.000119
0.000120
0.000119
0.000118
0.000147
0.000143
0.000118
0.000123
0.000120
0.000120
0.000120
0.000117
0.000268
0.000303
0.000154
0.000118
0.000118
0.000287
0.000120
0.000341
0.000123
0.000249
0.000290
0.000119
0.000118
0.000133
0.000126
0.000121
0.000115
0.000270
0.000265
0.000266
0.000348
0.000121
0.000123
0.000271
0.000119
0.000121
0.000269
0.000124
0.000265
0.000228
0.000122
0.000135
0.000260
0.000119
0.000125
0.000121
0.000266
0.000119
0.000119
0.000120
0.000122
0.000121
0.000165
0.000266
0.000205
0.000122
0.000121
0.000121
0.000121
0.000119
0.000116
0.000120
0.000119
0.000119
0.000272
0.000122
0.000125
0.000267
0.000123
0.000121
0.000120
0.000134
0.000118
0.000120
0.000119
0.000120
0.000118
0.000119
0.000119
0.000120
0.000266
0.000230
0.000124
0.000118
0.000123
0.000124
0.000118
0.000135
0.000119
0.000119
0.000118
0.000153
0.000118
0.000120
0.000373
0.000123
0.000121
0.000123
0.000120
0.000119
0.000119
0.000119
0.000117
0.000143
0.000120
0.000130
0.000276
0.000127
0.000118
0.000119
0.000121
0.000119
0.000267
0.000117
0.000124
0.000384
0.000119
0.000121
0.000126
0.000157
0.000263
0.000122
0.000345
0.000351
0.000122
0.000119
0.000121
0.000120
0.000135
0.000264
0.000118
0.000269
0.000119
0.000118
0.000119
0.000118
0.000118
0.000134
0.000120
0.000120
0.000118
0.000126
0.000118
0.000121
0.000118
0.000118
0.000116
0.000118
0.000116
0.000124
0.000340
0.000118
0.000120
0.000120
0.000271
0.000216
0.000118
0.000272
0.000121
0.000118
0.000121
0.000120
0.000120
0.000120
0.000252
0.000118
0.000120
0.000115
0.000118
0.000118
0.000124
0.000122
0.000120
0.000260
0.000118
0.000118
0.000116
0.000121
0.000118
0.000117
0.000116
0.000119
0.000120
0.000121
0.000120
0.000118
0.000118
0.000119
0.000121
0.000120
0.000118
0.000120
0.000120
0.000120
0.000114
0.000118
0.000118
0.000118
0.000118
0.000120
0.000121
0.000118
0.000118
0.000116
0.000118
0.000119
0.000120
0.000118
0.000121
0.000119
0.000124
0.000142
0.000118
0.000118
0.000121
0.000120
0.000120
0.000118
0.000123
0.000121
0.000119
0.000121
0.000121
0.000118
0.000117
0.000120
0.000118
0.000120
0.000119
0.000121
0.000116
0.000306
0.000119
0.000122
0.000120
0.000157
0.000118
0.000119
0.000121
0.000120
0.000120
0.000120
0.000134
0.000267
0.000117
0.000119
0.000209
0.000120
0.000121
0.000118
0.000123
0.000119
0.000118
0.000116
0.000119
0.000143
0.000122
0.000120
0.000149
0.000120
0.000120
0.000120
0.000347
0.000124
0.000120
0.000115
0.000120
0.000118
0.000118
0.000118
0.000113
0.000119
0.000265
0.000120
0.000130
0.000120
0.000346
0.000118
0.000267
0.000269
0.000119
0.000118
0.000117
0.000265
0.000120
0.000118
0.000119
0.000121
0.000120
0.000118
0.000118
0.000120
0.000120
0.000244
0.000116
0.000118
0.000119
0.000134
0.000116
0.000121
0.000118
0.000117
0.000118
0.000119
0.000116
0.000117
0.000121
0.000118
0.000116
0.000118
0.000118
0.000120
0.000119
0.000118
0.000164
0.000270
0.000119
0.000118
0.000118
0.000120
0.000115
0.000118
0.000115
0.000142
0.000182
0.000264
0.000336
0.000119
0.000118
0.000124
0.000120
0.000120
0.000120
0.000121
0.000118
0.000119
0.000119
0.000118
0.000119
0.000118
0.000119
0.000141
0.000117
0.000120
0.000117
0.000116
0.000116
0.000118
0.000123
0.000119
0.000137
0.000121
0.000122
0.000117
0.000118
0.000118
0.000139
0.000117
0.000117
0.000118
0.000143
0.000118
0.000265
0.000124
0.000118
0.000119
0.000117
0.000115
0.000120
0.000118
0.000118
0.000144
0.000267
0.000121
0.000116
0.000118
0.000295
0.000120
0.000117
0.000119
0.000118
0.000119
0.000119
0.000268
0.000118
0.000119
0.000119
0.000120
0.000120
0.000118
0.000307
0.000118
0.000123
0.000142
0.000120
0.000118
0.000118
0.000267
0.000121
0.000122
0.000121
0.000119
0.000118
0.000118
0.000121
0.000270
0.000117
0.000152
0.000268
0.000120
0.000117
0.000120
0.000115
0.000260
0.000120
0.000265
0.000143
0.000346
0.000121
0.000119
0.000118
0.000119
0.000120
0.000118
0.000120
0.000120
0.000248
0.000118
0.000122
0.000121
0.000143
0.000120
0.000118
0.000118
0.000120
0.000118
0.000116
0.000119
0.000117
0.000118
0.000150
0.000263
0.000118
0.000118
0.000120
0.000118
0.000121
0.000122
0.000117
0.000117
0.000143
0.000118
0.000118
0.000118
0.000120
0.000122
0.000119
0.000118
0.000120
0.000197
0.000121
0.000118
0.000116
0.000118
0.000122
0.000118
0.000118
0.000119
0.000143
0.000118
0.000294
0.000346
0.000130
0.000119
0.000266
0.000117
0.000119
0.000143
0.000118
0.000120
0.000114
0.000119
0.000120
0.000143
0.000143
0.000118
0.000121
0.000116
0.000119
0.000118
0.000122
0.000120
0.000115
0.000117
0.000119
0.000270
0.000119
0.000116
0.000265
0.000120
0.000118
0.000118
0.000118
0.000123
0.000118
0.000118
0.000117
0.000143
0.000119
0.000116
0.000115
0.000118
0.000120
0.000123
0.000119
0.000353
0.000119
0.000118
0.000115
0.000119
0.000118
0.000143
0.000120
0.000118
0.000118
0.000119
0.000125
0.000122
0.000119
0.000121
0.000118
0.000118
0.000117
0.000120
0.000123
0.000120
0.000119
0.000119
0.000118
0.000120
0.000119
0.000120
0.000118
0.000119
0.000118
0.000118
0.000120
0.000122
0.000121
0.000119
0.000117
0.000120
0.000118
0.000148
0.000118
0.000123
0.000118
0.000117
0.000118
0.000120
0.000143
0.000126
0.000118
0.000118
0.000119
0.000120
0.000122
0.000118
0.000118
0.000118
0.000119
0.000119
0.000118
0.000259
0.000318
0.000117
0.000119
0.000117
0.000118
0.000120
0.000118
0.000143
0.000119
0.000118
0.000118
0.000116
0.000116
0.000118
0.000142
0.000118
0.000116
0.000118
0.000124
0.000129
0.000118
0.000118
0.000117
0.000120
0.000120
0.000131
0.000120
0.000118
0.000118
0.000120
0.000123
0.000122
0.000120
0.000123
0.000118
0.000124
0.000122
0.000116
0.000117
0.000119
0.000118
0.000119
0.000118
0.000169
0.000120
0.000122
0.000120
0.000120
0.000118
0.000120
0.000118
0.000116
0.000114
0.000122
0.000122
0.000120
0.000120
0.000122
0.000119
0.000123
0.000118
0.000118
0.000115
0.000119
0.000118
0.000118
0.000119
0.000120
0.000118
0.000118
0.000117
0.000120
0.000120
0.000117
0.000121
0.000123
0.000116
0.000346
0.000119
0.000119
0.000117
0.000126
0.000118
0.000121
0.000120
0.000120
0.000120
0.000118
0.000118
0.000118
0.000114
0.000228
0.000144
0.000143
0.000118
0.000120
0.000123
0.000120
0.000116
0.000119
0.000118
0.000119
0.000142
0.000272
0.000345
0.000123
0.000119
0.000143
0.000117
0.000118
0.000122
0.000343
0.000118
0.000120
0.000118
0.000298
0.000118
0.000118
0.000122
0.000116
0.000118
0.000118
0.000118
0.000122
0.000119
0.000143
0.000118
0.000265
0.000340
0.000120
0.000264
0.000114
0.000120
0.000124
0.000120
0.000117
0.000116
0.000118
0.000116
0.000121
0.000120
0.000120
0.000119
0.000119
0.000123
0.000115
0.000122
0.000124
0.000261
0.000269
0.000119
0.000118
0.000118
0.000143
0.000117
0.000123
0.000121
0.000118
0.000121
0.000120
0.000124
0.000123
0.000119
0.000122
0.000265
0.000274
0.000124
0.000118
0.000118
0.000118
0.000120
0.000115
0.000121
0.000123
0.000118
0.000120
0.000118
0.000123
0.000119
0.000342
0.000119
0.000121
0.000120
0.000120
0.000118
0.000120
0.000116
0.000119
0.000118
0.000118
0.000121
0.000120
0.000118
0.000116
0.000117
0.000119
0.000125
0.000143
0.000121
0.000120
0.000118
0.000118
0.000115
0.000121
0.000120
0.000121
0.000116
0.000120
0.000120
0.000121
0.000122
0.000119
0.000118
0.000122
0.000118
0.000122
0.000118
0.000115
0.000116
0.000138
0.000118
0.000280
0.000123
0.000118
0.000120
0.000125
0.000118
0.000118
0.000117
0.000124
0.000121
0.000120
0.000118
0.000119
0.000115
0.000263
0.000535
0.000181
0.000120
0.000121
0.000120
0.000118
0.000120
0.000118
0.000128
0.000265
0.000118
0.000120
0.000118
0.000120
0.000120
0.000135
0.000123
0.000125
0.000118
0.000119
0.000129
0.000117
0.000118
0.000119
0.000118
0.000124
0.000118
0.000115
0.000120
0.000120
0.000115
0.000118
0.000118
0.000118
0.000118
0.000122
0.000130
0.000120
0.000120
0.000137
0.000117
0.000116
0.000118
0.000143
0.000116
0.000121
0.000122
0.000121
0.000118
0.000118
0.000115
0.000118
0.000118
0.000126
0.000254
0.000121
0.000119
0.000120
0.000116
0.000115
0.000119
0.000117
0.000120
0.000118
0.000118
0.000118
0.000123
0.000117
0.000118
0.000118
0.000135
0.000116
0.000119
0.000124
0.000188
0.000121
0.000298
0.000121
0.000124
0.000118
0.000122
0.000116
0.000251
0.000265
0.000118
0.000119
0.000118
0.000120
0.000296
0.000122
0.000118
0.000118
0.000119
0.000126
0.000121
0.000118
0.000120
0.000118
0.000118
0.000120
0.000118
0.000119
0.000118
0.000118
0.000118
0.000118
0.000122
0.000268
0.000280
0.000119
0.000119
0.000117
0.000118
0.000147
0.000120
0.000374
0.000117
0.000118
0.000119
0.000265
0.000127
0.000124
0.000167
0.000125
0.000116
0.000121
0.000117
0.000119
0.000118
0.000119
0.000119
0.000120
0.000144
0.000143
0.000118
0.000118
0.000118
0.000120
0.000118
0.000160
0.000321
0.000122
0.000122
0.000123
0.000119
0.000131
0.000143
0.000118
0.000119
0.000125
0.000139
0.000121
0.000122
0.000119
0.000118
0.000118
0.000163
0.000266
0.000123
0.000120
0.000118
0.000146
0.000119
0.000118
0.000124
0.000121
0.000118
0.000122
0.000116
0.000296
0.000118
0.000118
0.000122
0.000121
0.000121
0.000125
0.000118
0.000120
0.000264
0.000120
0.000121
0.000116
0.000117
0.000118
0.000118
0.000272
0.000122
0.000124
0.000280
0.000121
0.000120
0.000142
0.000118
0.000120
0.000116
0.000117
0.000120
0.000120
0.000118
0.000143
0.000122
0.000349
0.000121
0.000117
0.000115
0.000119
0.000146
0.000118
0.000124
0.000270
0.000116
0.000333
0.000357
0.000139
0.000118
0.000118
0.000118
0.000118
0.000119
0.000120
0.000121
0.000264
0.000118
0.000121
0.000117
0.000118
0.000124
0.000123
0.000267
0.000116
0.000115
0.000136
0.000119
0.000118
0.000122
0.000120
0.000120
0.000120
0.000129
0.000118
0.000263
0.000124
0.000301
0.000122
0.000150
0.000120
0.000142
0.000126
0.000126
0.000118
0.000268
0.000123
0.000120
0.000118
0.000221
0.000119
0.000271
0.000123
0.000119
0.000252
0.000119
0.000144
0.000122
0.000121
0.000119
0.000118
0.000117
0.000118
0.000117
0.000119
0.000122
0.000119
0.000115
0.000271
0.000119
0.000118
0.000117
0.000118
0.000118
0.000120
0.000120
0.000119
0.000143
0.000118
0.000120
0.000120
0.000119
0.000119
0.000224
0.000119
0.000119
0.000123
0.000124
0.000142
0.000118
0.000118
0.000143
0.000121
0.000119
0.000143
0.000118
0.000148
0.000126
0.000118
0.000158
0.000233
0.000119
0.000267
0.000124
0.000118
0.000118
0.000120
0.000274
0.000119
0.000119
0.000120
0.000118
0.000116
0.000121
0.000117
0.000120
0.000118
0.000123
0.000124
0.000117
0.000122
0.000209
0.000124
0.000125
0.000118
0.000140
0.000120
0.000118
0.000136
0.000121
0.000117
0.000122
0.000118
0.000125
0.000136
0.000118
0.000261
0.000266
0.000118
0.000118
0.000121
0.000144
0.000118
0.000118
0.000121
0.000117
0.000122
0.000122
0.000267
0.000148
0.000118
0.000120
0.000119
0.000117
0.000118
0.000143
0.000119
0.000117
0.000118
0.000137
0.000273
0.000121
0.000132
0.000146
0.000125
0.000118
0.000118
0.000120
0.000121
0.000121
0.000119
0.000118
0.000153
0.000267
0.000119
0.000272
0.000340
0.000118
0.000131
0.000120
0.000270
0.000130
0.000118
0.000117
0.000122
0.000122
0.000120
0.000117
0.000120
0.000120
0.000122
0.000119
0.000120
0.000120
0.000118
0.000120
0.000120
0.000123
0.000123
0.000122
0.000143
0.000119
0.000118
0.000121
0.000117
0.000121
0.000118
0.000119
0.000116
0.000120
0.000118
0.000117
0.000122
0.000119
0.000131
0.000125
0.000121
0.000262
0.000118
0.000118
0.000119
0.000120
0.000115
0.000118
0.000118
0.000115
0.000119
0.000119
0.000120
0.000121
0.000122
0.000117
0.000123
0.000121
0.000120
0.000118
0.000118
0.000116
0.000118
0.000120
0.000118
0.000118
0.000118
0.000115
0.000119
0.000120
0.000124
0.000119
0.000118
0.000143
0.000155
0.000260
0.000122
0.000118
0.000118
0.000120
0.000120
0.000118
0.000151
0.000222
0.000123
0.000121
0.000119
0.000121
0.000121
0.000113
0.000118
0.000125
0.000127
0.000123
0.000118
0.000264
0.000121
0.000120
0.000122
0.000122
0.000120
0.000116
0.000120
0.000119
0.000121
0.000119
0.000118
0.000304
0.000118
0.000121
0.000173
0.000115
0.000271
0.000118
0.000122
0.000118
0.000116
0.000125
0.000340
0.000118
0.000118
0.000119
0.000118
0.000123
0.000273
0.000336
0.000119
0.000270
0.000118
0.000166
0.000344
0.000118
0.000118
0.000119
0.000379
0.000121
0.000121
0.000126
0.000118
0.000117
0.000139
0.000115
0.000118
0.000118
0.000140
0.000119
0.000268
0.000124
0.000118
0.000269
0.000119
0.000114
0.000119
0.000124
0.000119
0.000116
0.000120
0.000117
0.000118
0.000267
0.000122
0.000121
0.000266
0.000123
0.000122
0.000118
0.000278
0.000119
0.000125
0.000265
0.000124
0.000118
0.000120
0.000120
0.000118
0.000118
0.000119
0.000115
0.000118
0.000120
0.000119
0.000127
0.000271
0.000126
0.000118
0.000122
0.000121
0.000122
0.000121
0.000120
0.000116
0.000119
0.000121
0.000118
0.000119
0.000118
0.000118
0.000118
0.000119
0.000130
0.000280
0.000161
0.000123
0.000121
0.000125
0.000179
0.000119
0.000155
0.000272
0.000123
0.000119
0.000119
0.000273
0.000126
0.000125
0.000120
0.000120
0.000235
0.000178
0.000222
0.000120
0.000270
0.000124
0.000122
0.000119
0.000121
0.000130
0.000269
0.000251
0.000124
0.000122
0.000119
0.000119
0.000120
0.000121
0.000126
0.000121
0.000227
0.000275
0.000116
0.000121
0.000270
0.000121
0.000268
0.000243
0.000119
0.000125
0.000124
0.000120
0.000123
0.000120
0.000122
0.000123
0.000119
0.000118
0.000220
0.000125
0.000120
0.000124
0.000269
0.000255
0.000153
0.000121
0.000118
0.000120
0.000120
0.000121
0.000119
0.000118
0.000119
0.000124
0.000119
0.000123
0.000123
0.000120
0.000120
0.000121
0.000120
0.000118
0.000121
0.000116
0.000116
0.000118
0.000271
0.000121
0.000126
0.000121
0.000276
0.000122
0.000119
0.000140
0.000118
0.000116
0.000116
0.000119
0.000120
0.000116
0.000274
0.000128
0.000128
0.000119
0.000122
0.000275
0.000125
0.000125
0.000116
0.000121
0.000119
0.000262
0.000119
0.000119
0.000126
0.000121
0.000122
0.000341
0.000118
0.000120
0.000119
0.000121
0.000120
0.000121
0.000267
0.000179
0.000124
0.000321
0.000116
0.000120
0.000117
0.000265
0.000334
0.000120
0.000119
0.000157
0.000119
0.000126
0.000123
0.000121
0.000298
0.000120
0.000121
0.000119
0.000114
0.000121
0.000118
0.000129
0.000262
0.000118
0.000122
0.000116
0.000121
0.000118
0.000118
0.000119
0.000117
0.000118
0.000116
0.000118
0.000120
0.000322
0.000210
0.000159
0.000220
0.000266
0.000124
0.000120
0.000264
0.000121
0.000120
0.000179
0.000120
0.000123
0.000321
0.000122
0.000120
0.000120
0.000120
0.000125
0.000122
0.000118
0.000119
0.000270
0.000198
0.000123
0.000116
0.000268
0.000117
0.000116
0.000118
0.000120
0.000122
0.000284
0.000247
0.000122
0.000350
0.000125
0.000120
0.000121
0.000118
0.000121
0.000116
0.000131
0.000119
0.000120
0.000121
0.000118
0.000119
0.000276
0.000271
0.000127
0.000123
0.000119
0.000121
0.000117
0.000119
0.000122
0.000121
0.000118
0.000119
0.000118
0.000119
0.000121
0.000119
0.000267
0.000121
0.000120
0.000142
0.000119
0.000265
0.000119
0.000125
0.000269
0.000242
0.000241
0.000124
0.000349
0.000129
0.000127
0.000122
0.000119
0.000155
0.000120
0.000162
0.000120
0.000120
0.000127
0.000265
0.000149
0.000118
0.000120
0.000119
0.000121
0.000121
0.000125
0.000125
0.000119
0.000270
0.000120
0.000121
0.000126
0.000121
0.000121
0.000119
0.000122
0.000266
0.000137
0.000122
0.000122
0.000122
0.000224
0.000119
0.000116
0.000120
0.000379
0.000255
0.000118
0.000122
0.000118
0.000118
0.000117
0.000130
0.000124
0.000275
0.000126
0.000120
0.000119
0.000120
0.000118
0.000120
0.000121
0.000121
0.000122
0.000118
0.000122
0.000152
0.000121
0.000334
0.000119
0.000121
0.000124
0.000122
0.000119
0.000266
0.000265
0.000122
0.000121
0.000122
0.000266
0.000322
0.000119
0.000514
0.000123
0.000121
0.000308
0.000262
0.000124
0.000258
0.000269
0.000274
0.000120
0.000143
0.000122
0.000118
0.000119
0.000123
0.000123
0.000265
0.000119
0.000124
0.000123
0.000344
0.000120
0.000122
0.000341
0.000118
0.000119
0.000120
0.000119
0.000120
0.000161
0.000134
0.000264
0.000123
0.000120
0.000118
0.000121
0.000138
0.000119
0.000120
0.000119
0.000120
0.000119
0.000120
0.000117
0.000121
0.000121
0.000152
0.000144
0.000121
0.000158
0.000121
0.000117
0.000119
0.000266
0.000121
0.000142
0.000192
0.000123
0.000265
0.000130
0.000137
0.000125
0.000265
0.000337
0.000122
0.000119
0.000130
0.000267
0.000114
0.000123
0.000119
0.000361
0.000117
0.000120
0.000117
0.000123
0.000117
0.000140
0.000121
0.000155
0.000266
0.000280
0.000121
0.000119
0.000120
0.000341
0.000125
0.000231
0.000184
