0.001566
0.001041
0.001074
0.001107
0.001531
0.001183
0.001052
0.001034
0.001036
0.001075
0.001063
0.001789
0.001062
0.001033
0.001036
0.001057
0.001762
0.001082
0.001736
0.001095
0.001055
0.001052
0.001028
0.001320
0.001062
0.001070
0.001065
0.001047
0.001055
0.001033
0.001048
0.001444
0.001089
0.001034
0.001058
0.001034
0.001051
0.001024
0.001085
0.001943
0.001412
0.001044
0.001030
0.001057
0.001054
0.001081
0.001062
0.001175
0.001033
0.001607
0.001072
0.001037
0.001041
0.001033
0.001035
0.001029
0.002566
0.001062
0.001099
0.001135
0.001033
0.001075
0.001065
0.001038
0.001054
0.001082
0.001037
0.001033
0.001070
0.001058
0.001039
0.001088
0.001059
0.002062
0.001069
0.001065
0.001049
0.001030
0.001034
0.001040
0.001895
0.001039
0.001568
0.001729
0.001140
0.001150
0.001662
0.001088
0.001703
0.001277
0.001071
0.001067
0.001055
0.001053
0.001039
0.001063
0.001061
0.001083
0.001093
0.001257
0.001062
0.001036
0.001038
0.001076
0.001027
0.001054
0.001293
0.001056
0.001031
0.001034
0.001056
0.001033
0.001033
0.001074
0.001837
0.001075
0.001250
0.001055
0.001034
0.001044
0.001072
0.001046
0.001048
0.001087
0.001066
0.001075
0.001101
0.001029
0.001805
0.001504
0.001048
0.001080
0.001092
0.001036
0.001029
0.001059
0.001057
0.001092
0.001081
0.001075
0.001036
0.001093
0.001193
0.001040
0.001788
0.001044
0.001039
0.001479
0.001111
0.001055
0.001035
0.001070
0.001076
0.001764
0.001037
0.001052
0.001058
0.001069
0.001032
0.001127
0.001056
0.001034
0.001057
0.001059
0.001029
0.001038
0.001050
0.001043
0.001055
0.001052
0.001076
0.001032
0.001064
0.001031
0.001085
0.001034
0.001079
0.001035
0.001086
0.001041
0.001070
0.001041
0.001092
0.001034
0.001030
0.001055
0.001038
0.001032
0.001027
0.001034
0.001074
0.001034
0.001037
0.001051
0.001041
0.001249
0.002991
0.002840
0.001074
0.001066
0.001069
0.001057
0.001081
0.001071
0.003097
0.001039
0.001211
0.001102
0.001072
0.001055
0.001028
0.001042
0.001060
0.001077
0.001053
0.001039
0.001039
0.001025
0.001455
0.001055
0.001049
0.001062
0.001053
0.001057
0.001038
0.001060
0.001089
0.001385
0.001057
0.001081
0.001037
0.001033
0.001076
0.001034
0.001058
0.001108
0.001056
0.001056
0.001709
0.001063
0.001046
0.001618
0.001701
0.001471
0.001065
0.001040
0.002816
0.001025
0.001796
0.001044
0.001052
0.001050
0.001028
0.001057
0.001055
0.001606
0.001061
0.001088
0.001044
0.001879
0.001060
0.001072
0.001042
0.001035
0.001031
0.001116
0.001188
0.001059
0.001048
0.001085
0.001054
0.001039
0.001053
0.001092
0.001968
0.001052
0.001027
0.001051
0.001026
0.001072
0.001028
0.001057
0.001071
0.001049
0.001570
0.001041
0.001060
0.001040
0.001067
0.001734
0.001035
0.001051
0.001188
0.001420
0.001161
0.001053
0.001621
0.001082
0.001669
0.001043
0.001059
0.001038
0.001071
0.001070
0.001693
0.002123
0.001067
0.001030
0.001086
0.001070
0.001424
0.001106
0.001049
0.001106
0.001070
0.001047
0.001056
0.001038
0.001031
0.001324
0.001046
0.001052
0.001040
0.001029
0.002117
0.001043
0.001053
0.001040
0.001055
0.001034
0.001098
0.001035
0.001202
0.001060
0.001072
0.001078
0.001823
0.001038
0.001144
0.001052
0.001058
0.001068
0.001038
0.001045
0.001733
0.001031
0.001057
0.001031
0.001097
0.001132
0.001038
0.001094
0.001060
0.001040
0.001389
0.001059
0.001052
0.001134
0.001041
0.001068
0.001097
0.001039
0.001082
0.001604
0.001036
0.001155
0.001056
0.001404
0.002659
0.002004
0.001039
0.001058
0.001034
0.001702
0.001062
0.001575
0.001061
0.001056
0.001035
0.001062
0.001333
0.001271
0.001061
0.001034
0.001728
0.001488
0.001059
0.001361
0.001048
0.001053
0.001037
0.001148
0.001094
0.001102
0.002032
0.001420
0.001143
0.001059
0.001109
0.001046
0.001053
0.001042
0.001103
0.001905
0.001041
0.001052
0.001031
0.001036
0.001097
0.001596
0.001059
0.001042
0.001863
0.001485
0.001071
0.001742
0.001533
0.001050
0.001051
0.001361
0.001181
0.001048
0.001036
0.001036
0.001350
0.001083
0.001029
0.001070
0.001036
0.001073
0.001035
0.001101
0.001058
0.001041
0.001638
0.003123
0.001048
0.001101
0.001055
0.001034
0.001052
0.002400
0.001028
0.001075
0.001057
0.001051
0.001032
0.001051
0.001037
0.001083
0.001423
0.001051
0.001071
0.001028
0.001038
0.001053
0.001030
0.001035
0.001040
0.001730
0.001689
0.001082
0.001026
0.001076
0.001034
0.001362
0.001105
0.001080
0.001334
0.001071
0.001058
0.001044
0.001035
0.001108
0.001056
0.001056
0.001071
0.001029
0.001028
0.001034
0.001099
0.001095
0.001057
0.001032
0.001066
0.001059
0.001601
0.001047
0.001029
0.001055
0.001030
0.001038
0.001052
0.001410
0.001080
0.001966
0.002290
0.001060
0.001033
0.001058
0.001122
0.001095
0.001071
0.001038
0.001056
0.001082
0.001068
0.001087
0.001117
0.001053
0.001039
0.001094
0.001027
0.001070
0.001036
0.001057
0.001055
0.001061
0.001049
0.001059
0.001056
0.001030
0.001053
0.001042
0.001081
0.001036
0.001062
0.001051
0.001520
0.001097
0.001034
0.001060
0.001039
0.001038
0.001032
0.001040
0.001087
0.001049
0.001052
0.001072
0.001054
0.001030
0.001051
0.001062
0.001057
0.001029
0.001064
0.001041
0.001075
0.001061
0.001721
0.001075
0.001026
0.001033
0.001031
0.001454
0.001075
0.001033
0.001049
0.001069
0.001043
0.001031
0.001031
0.001778
0.001046
0.001110
0.001088
0.001048
0.001047
0.001031
0.001044
0.001100
0.001097
0.001044
0.001057
0.001102
0.001028
0.001036
0.001056
0.001099
0.001034
0.001037
0.001082
0.001055
0.001033
0.001035
0.001092
0.001036
0.001054
0.001070
0.001036
0.001046
0.001051
0.001025
0.001051
0.001029
0.001063
0.001032
0.001081
0.001034
0.001078
0.001044
0.001048
0.001025
0.001092
0.001057
0.001053
0.001037
0.001088
0.001052
0.001087
0.001036
0.001051
0.001077
0.001048
0.001031
0.001032
0.001029
0.001056
0.001037
0.001054
0.001061
0.001038
0.001090
0.001036
0.001047
0.001072
0.001051
0.001034
0.001060
0.002806
0.001039
0.001075
0.001034
0.001832
0.001062
0.001048
0.001049
0.001071
0.001038
0.001077
0.001054
0.001054
0.001058
0.001093
0.001033
0.001064
0.001069
0.001059
0.001028
0.001032
0.001051
0.001073
0.001028
0.001029
0.001030
0.001032
0.001061
0.001107
0.001075
0.001076
0.001028
0.001029
0.001052
0.001041
0.001102
0.001043
0.001078
0.001029
0.001082
0.001052
0.001058
0.001031
0.001052
0.001116
0.001070
0.001074
0.001143
0.001059
0.001039
0.001025
0.001065
0.001038
0.001034
0.001056
0.001084
0.001056
0.001052
0.001072
0.001037
0.001071
0.001092
0.001068
0.001059
0.001069
0.001056
0.001069
0.001090
0.001043
0.001076
0.001056
0.001036
0.001032
0.001053
0.001119
0.001037
0.001039
0.001069
0.001038
0.001037
0.001027
0.001062
0.001036
0.001031
0.001379
0.001103
0.001039
0.001051
0.001032
0.001056
0.001037
0.002749
0.001081
0.001030
0.001035
0.001035
0.001059
0.001069
0.001076
0.001099
0.001057
0.001029
0.001093
0.001029
0.001054
0.001048
0.001049
0.001160
0.001030
0.001056
0.001033
0.001059
0.001028
0.001631
0.001122
0.001033
0.001020
0.001097
0.001077
0.001055
0.001053
0.001159
0.001020
0.001050
0.001032
0.001084
0.001025
0.001069
0.001097
0.001145
0.001032
0.001025
0.001029
0.001028
0.001055
0.001216
0.001100
0.001069
0.001767
0.001063
0.001095
0.003043
0.001044
0.001089
0.001039
0.001056
0.001033
0.001099
0.001035
0.001041
0.001096
0.001081
0.001033
0.001305
0.001639
0.001069
0.001033
0.001086
0.001055
0.001070
0.001037
0.001154
0.001045
0.001113
0.001036
0.001036
0.001033
0.001035
0.001035
0.001060
0.001040
0.001090
0.001054
0.001070
0.001050
0.001026
0.001074
0.001032
0.001104
0.001043
0.001124
0.001043
0.001040
0.001037
0.001030
0.001104
0.001094
0.001067
0.001036
0.001493
0.001515
0.001118
0.001052
0.001040
0.001039
0.001047
0.001071
0.001090
0.001108
0.001038
0.001034
0.001073
0.001052
0.001063
0.001027
0.001027
0.001096
0.001108
0.001124
0.001070
0.001051
0.001033
0.001070
0.001075
0.001050
0.001039
0.001066
0.001044
0.001053
0.001032
0.001058
0.001038
0.001077
0.001039
0.001033
0.001030
0.001040
0.001050
0.001087
0.001030
0.003074
0.001096
0.001045
0.001055
0.001737
0.001064
0.001034
0.001023
0.001053
0.001035
0.001054
0.001066
0.001053
0.001073
0.001096
0.001059
0.001161
0.001026
0.001050
0.001062
0.001049
0.001033
0.001060
0.001064
0.001361
0.001053
0.001236
0.001026
0.001030
0.001061
0.001031
0.001040
0.001067
0.001046
0.001060
0.001094
0.001030
0.001047
0.001041
0.001046
0.001061
0.001054
0.001106
0.001078
0.001078
0.001035
0.001072
0.001071
0.001037
0.001037
0.001031
0.001060
0.001070
0.001082
0.001087
0.001081
0.001032
0.001033
0.001042
0.001058
0.001044
0.001087
0.001058
0.001047
0.001062
0.001055
0.001059
0.001031
0.001055
0.002651
0.001056
0.001043
0.001037
0.001033
0.001035
0.001042
0.001079
0.001044
0.001034
0.001034
0.001133
0.001039
0.001054
0.001099
0.001077
0.001061
0.001261
0.001060
0.001052
0.001031
0.001043
0.001035
0.001077
0.001102
0.001040
0.001052
0.001040
0.001164
0.001060
0.001041
0.001053
0.001037
0.001064
0.001057
0.001034
0.001023
0.001038
0.001074
0.001039
0.001095
0.001052
0.001089
0.001041
0.001033
0.001030
0.001037
0.001047
0.001051
0.001075
0.001082
0.001052
0.001054
0.001036
0.001054
0.001038
0.001089
0.001037
0.001039
0.001039
0.001057
0.001096
0.001038
0.001045
0.001020
0.001031
0.001037
0.001035
0.001054
0.001059
0.001073
0.001061
0.001558
0.001039
0.001057
0.001053
0.002038
0.001136
0.001059
0.001053
0.001286
0.001043
0.001032
0.001082
0.001049
0.001115
0.001057
0.001078
0.001064
0.001622
0.001639
0.001152
0.001069
0.001604
0.001104
0.001057
0.001137
0.001044
0.001091
0.001053
0.001036
0.001054
0.001039
0.001100
0.002099
0.001114
0.001104
0.001665
0.001035
0.001790
0.001150
0.001609
0.001603
0.001056
0.001052
0.001297
0.001781
0.001591
0.001103
0.001153
0.001113
0.001061
0.001265
0.001085
0.001081
0.001065
0.001111
0.001063
0.001032
0.001145
0.001097
0.001281
0.001221
0.001051
0.001033
0.001027
0.001051
0.001038
0.001032
0.001042
0.001323
0.001113
0.001040
0.001037
0.001031
0.001697
0.001067
0.001123
0.001057
0.001079
0.001067
0.001033
0.001077
0.001208
0.001059
0.001205
0.001067
0.001090
0.001070
0.001040
0.001075
0.001646
0.001939
0.001753
0.001043
0.001094
0.001046
0.001068
0.001815
0.001121
0.001103
0.001151
0.001453
0.001057
0.001029
0.001843
0.001042
0.001766
0.001090
0.001076
0.001115
0.001036
0.001797
0.001211
0.001959
0.001040
0.001094
0.001031
0.001080
0.001044
0.001136
0.001121
0.001082
0.001742
0.001037
0.001037
0.001082
0.001041
0.001058
0.001072
0.001030
0.001065
0.001987
0.001577
0.001888
0.001042
0.001033
0.001215
0.001037
0.001062
0.001196
0.001222
0.001108
0.002132
0.001064
0.001035
0.001063
0.001036
0.001102
0.001643
0.001212
0.001061
0.001036
0.001211
0.001071
0.001036
0.001251
0.001032
0.001072
0.001042
0.001249
0.001838
0.001092
0.001727
0.001213
0.001066
0.001050
0.001167
0.001040
0.001040
0.001116
0.001098
0.001109
0.001120
0.001037
0.001079
0.001604
0.001036
0.001053
0.001390
0.001120
0.001032
0.001112
0.001634
0.001352
0.001154
0.001136
0.001057
0.001060
0.001031
0.001741
0.001674
0.001145
0.001075
0.001044
0.001775
0.001042
0.001062
0.001244
0.001054
0.001147
0.001051
0.001041
0.001850
0.001035
0.001051
0.001142
0.001221
0.001095
0.001551
0.001069
0.001043
0.001785
0.002397
0.001044
0.001102
0.001430
0.001716
0.001020
0.001280
0.001059
0.001048
0.001080
0.001041
0.001049
0.001069
0.001064
0.001058
0.002585
0.001228
0.001064
0.001576
0.001273
0.001238
0.001037
0.001609
0.001098
0.001196
0.001109
0.001075
0.001059
0.001310
0.001041
0.001071
0.001120
0.001036
0.001920
0.001075
0.001078
0.001056
0.001090
0.001047
0.001423
0.001040
0.001096
0.001040
0.001047
0.001064
0.001058
0.001086
0.001041
0.001049
0.001096
0.001109
0.001113
0.001119
0.001067
0.001085
0.001076
0.001749
0.001031
0.001326
0.001595
0.001100
0.001082
0.001108
0.001605
0.001479
0.001128
0.001822
0.001042
0.001390
0.001076
0.001244
0.001081
0.001087
0.001034
0.002109
0.001228
0.001114
0.001024
0.001087
0.001046
0.001034
0.001931
0.001330
0.002493
0.001079
0.001069
0.001751
0.001116
0.001087
0.001746
0.001107
0.001069
0.001063
0.001127
0.001037
0.001081
0.001038
0.001161
0.001470
0.001032
0.001162
0.001100
0.001772
0.001102
0.001069
0.001055
0.001042
0.001128
0.001065
0.001051
0.001156
0.001088
0.001211
0.001054
0.001024
0.001057
0.001037
0.001267
0.001056
0.001077
0.001045
0.001164
0.001161
0.001121
0.001058
0.001037
0.001071
0.001748
0.001333
0.001032
0.001058
0.001120
0.001035
0.001100
0.001234
0.001054
0.001057
0.001721
0.001063
0.001600
0.001044
0.001050
0.001049
0.001069
0.001039
0.001067
0.001729
0.001061
0.001569
0.001057
0.001055
0.001070
0.001078
0.001047
0.001057
0.001618
0.001149
0.001051
0.001094
0.001044
0.001543
0.001056
0.001101
0.001395
0.001058
0.001038
0.001037
0.001032
0.001036
0.001067
0.001759
0.001057
0.001135
0.002339
0.001094
0.001030
0.001031
0.001170
0.001143
0.001074
0.001038
0.001039
0.001033
0.001057
0.001059
0.001129
0.001069
0.001704
0.001085
0.001059
0.001079
0.001035
0.001056
0.001092
0.001531
0.001097
0.001067
0.001038
0.001046
0.001079
0.001814
0.001039
0.001048
0.001743
0.001093
0.001394
0.001099
0.001061
0.001119
0.001516
0.001964
0.001040
0.001078
0.002747
0.001939
0.001189
0.001516
0.001113
0.001055
0.001033
0.001572
0.001032
0.001055
0.001103
0.001072
0.001036
0.001053
0.001035
0.001052
0.001070
0.001050
0.001062
0.001086
0.001044
0.001385
0.001125
0.001034
0.001034
0.001043
0.001065
0.001057
0.001091
0.001073
0.001726
0.001033
0.001037
0.001053
0.001032
0.001053
0.001039
0.001050
0.001041
0.001107
0.001033
0.001052
0.001089
0.001054
0.001058
0.001038
0.001047
0.001041
0.001964
0.001453
0.001060
0.001100
0.001026
0.001022
0.001104
0.001036
0.001750
0.001291
0.001040
0.001046
0.001061
0.001057
0.001030
0.001052
0.001089
0.001064
0.001025
0.001049
0.001059
0.001078
0.001049
0.001055
0.001062
0.001060
0.001045
0.001060
0.001070
0.001277
0.001044
0.002173
0.001043
0.001564
0.001686
0.001495
0.001042
0.001070
0.001605
0.001071
0.001044
0.001643
0.001080
0.001113
0.001805
0.001042
0.001659
0.001085
0.001601
0.001337
0.001075
0.001058
0.001033
0.001063
0.001048
0.001050
0.001555
0.001710
0.001036
0.001060
0.001422
0.002984
0.001322
0.001040
0.002986
0.001065
0.001898
0.001038
0.002671
0.001065
0.001046
0.001056
0.001033
0.001094
0.001052
0.001035
0.001060
0.001045
0.001248
0.001031
0.001707
0.001596
0.001084
0.001034
0.001091
0.001063
0.001108
0.001036
0.001047
0.001089
0.001117
0.001032
0.001028
0.001033
0.001055
0.001052
0.001223
0.001054
0.001020
0.001052
0.001038
0.001097
0.001055
0.001692
0.001752
0.001190
0.001029
0.001033
0.001122
0.001037
0.001035
0.001229
0.001027
0.001100
0.001109
0.001040
0.001034
0.001084
0.001071
0.001053
0.001229
0.001047
0.001039
0.001217
0.001031
0.001046
0.001038
0.001661
0.001655
0.001134
0.001060
0.001085
0.001052
0.001084
0.001092
0.001235
0.001032
0.001078
0.002623
0.001129
0.001218
0.001061
0.001075
0.001137
0.001048
0.001029
0.001068
0.001612
0.001351
0.001229
0.001094
0.001182
0.001453
0.001038
0.002144
0.001063
0.001061
0.001050
0.001058
0.001066
0.001176
0.001100
0.001036
0.001064
0.001639
0.001105
0.001039
0.001240
0.001058
0.001251
0.001223
0.001116
0.001097
0.001041
0.001042
0.001050
0.001098
0.001067
0.001037
0.001352
0.001947
0.001035
0.001622
0.001061
0.001597
0.001072
0.001417
0.001069
0.001058
0.001300
0.001066
0.001108
0.002389
0.001450
0.002124
0.001730
0.001098
0.001115
0.001911
0.001388
0.001268
0.001596
0.001720
0.001058
0.002093
0.001415
0.001082
0.001032
0.001073
0.001067
0.001063
0.001036
0.001120
0.001778
0.001045
0.001889
0.001109
0.001041
0.001593
0.001620
0.001034
0.001081
0.001031
0.001078
0.001075
0.001038
0.001040
0.001150
0.001090
0.001103
0.001214
0.001036
0.001040
0.001230
0.001049
0.001637
0.001228
0.001132
0.001258
0.001085
0.001723
0.001222
0.001057
0.001074
0.001182
0.001091
0.001053
0.001104
0.001079
0.001036
0.001037
0.001033
0.001093
0.001032
0.001052
0.001061
0.001060
0.001058
0.001534
0.001055
0.001097
0.002013
0.002505
0.001612
0.001065
0.001037
0.001250
0.001033
0.001038
0.001225
0.001102
0.001059
0.001102
0.001053
0.001031
0.001249
0.001077
0.001088
0.001059
0.001097
0.001141
0.001039
0.001035
0.001034
0.001244
0.001094
0.001813
0.001603
0.001054
0.001239
0.001078
0.001037
0.001206
0.001057
0.001093
0.001067
0.001055
0.001740
0.001133
0.001036
0.001056
0.001037
0.001060
0.001070
0.001120
0.001087
0.001072
0.001027
0.001218
0.001035
0.001076
0.001063
0.001025
0.001375
0.001206
0.001031
0.001077
0.001222
0.001149
0.001033
0.001223
0.001070
0.001045
0.001156
0.001059
0.001093
0.001198
0.001032
0.001061
0.001077
0.001067
0.001061
0.001123
0.002514
0.001778
0.001055
0.001083
0.001117
0.001150
0.001069
0.001053
0.001667
0.001507
0.001221
0.001981
0.001178
0.001054
0.001129
0.001114
0.001060
0.001064
0.001175
0.001076
0.001029
0.001064
0.001101
0.001039
0.001275
0.001038
0.001056
0.001109
0.001058
0.001033
0.001058
0.002157
0.001042
0.001228
0.001059
0.001071
0.001125
0.001039
0.001132
0.001092
0.001043
0.002070
0.001040
0.001738
0.001246
0.002017
0.001085
0.001038
0.001035
0.001674
0.001064
0.001035
0.001210
0.001073
0.001047
0.001216
0.001050
0.001038
0.001041
0.001113
0.002236
0.001060
0.001274
0.001050
0.001079
0.001035
0.001044
0.001033
0.001048
0.001035
0.001244
0.001040
0.001057
0.001216
0.002884
0.001168
0.001056
0.001037
0.001259
0.001100
0.001033
0.001050
0.001804
0.001036
0.001114
0.001039
0.001055
0.001054
0.001043
0.001085
0.002413
0.001034
0.001224
0.001566
0.001093
0.001100
0.001062
0.001075
0.001059
0.001076
0.001058
0.001092
0.001083
0.001070
0.001135
0.001051
0.001041
0.001218
0.001045
0.001040
0.001115
0.001112
0.001045
0.001183
0.001033
0.001065
0.001052
0.001052
0.001067
0.001089
0.001057
0.001100
0.001808
0.001055
0.001059
0.001139
0.001021
0.001037
0.001038
0.001056
0.001054
0.001038
0.001802
0.001747
0.001152
0.001036
0.001053
0.001222
0.001038
0.001058
0.001257
0.001037
0.001053
0.001224
0.001039
0.001034
0.001060
0.001074
0.001043
0.001775
0.001065
0.001038
0.001090
0.001623
0.001216
0.001078
0.001111
0.001214
0.001309
0.001181
0.001051
0.001092
0.001216
0.001032
0.001052
0.001217
0.001587
0.001438
0.001071
0.001054
0.001084
0.001036
0.001076
0.001077
0.001586
0.001648
0.001032
0.001044
0.002076
0.001060
0.001040
0.001034
0.001167
0.001039
0.002653
0.001069
0.001070
0.001209
0.001064
0.001353
0.001053
0.001077
0.001109
0.002897
