0.000178
0.000239
0.000382
0.000174
0.000187
0.000177
0.000173
0.000175
0.000170
0.000178
0.000169
0.000391
0.000173
0.000172
0.000392
0.000174
0.000172
0.000170
0.000170
0.000186
0.000174
0.000174
0.000168
0.000194
0.000413
0.000172
0.000170
0.000194
0.000170
0.000173
0.000173
0.000173
0.000170
0.000173
0.000170
0.000173
0.000173
0.000171
0.000187
0.000174
0.000186
0.000174
0.000170
0.000162
0.000170
0.000382
0.000388
0.000174
0.000174
0.000170
0.000174
0.000169
0.000175
0.000174
0.000352
0.000177
0.000199
0.000170
0.000192
0.000189
0.000167
0.000174
0.000173
0.000170
0.000170
0.000176
0.000416
0.000262
0.000170
0.000181
0.000181
0.000175
0.000173
0.000174
0.000170
0.000481
0.000171
0.000492
0.000172
0.000170
0.000171
0.000170
0.000166
0.000167
0.000175
0.000187
0.000194
0.000173
0.000170
0.000174
0.000171
0.000170
0.000175
0.000169
0.000175
0.000173
0.000186
0.000183
0.000173
0.000170
0.000170
0.000171
0.000177
0.000179
0.000167
0.000170
0.000170
0.000172
0.000173
0.000170
0.000174
0.000170
0.000177
0.000167
0.000174
0.000177
0.000166
0.000295
0.000386
0.000174
0.000171
0.000170
0.000171
0.000169
0.000173
0.000170
0.000170
0.000170
0.000171
0.000167
0.000171
0.000170
0.000172
0.000394
0.000458
0.000173
0.000175
0.000167
0.000170
0.000167
0.000165
0.000170
0.000359
0.000388
0.000170
0.000176
0.000175
0.000170
0.000171
0.000170
0.000171
0.000174
0.000374
0.000173
0.000199
0.000170
0.000174
0.000173
0.000170
0.000184
0.000174
0.000170
0.000170
0.000226
0.000173
0.000167
0.000170
0.000170
0.000189
0.000170
0.000173
0.000188
0.000169
0.000199
0.000174
0.000175
0.000170
0.000170
0.000174
0.000166
0.000171
0.000174
0.000173
0.000169
0.000173
0.000174
0.000170
0.000170
0.000171
0.000173
0.000379
0.000173
0.000167
0.000173
0.000170
0.000173
0.000170
0.000170
0.000174
0.000170
0.000171
0.000225
0.000177
0.000170
0.000170
0.000173
0.000186
0.000174
0.000170
0.000171
0.000201
0.000166
0.000173
0.000172
0.000169
0.000179
0.000174
0.000173
0.000171
0.000177
0.000210
0.000171
0.000171
0.000174
0.000419
0.000382
0.000220
0.000203
0.000385
0.000176
0.000170
0.000174
0.000170
0.000167
0.000198
0.000167
0.000170
0.000222
0.000178
0.000170
0.000225
0.000384
0.000172
0.000171
0.000174
0.000169
0.000170
0.000171
0.000170
0.000169
0.000170
0.000172
0.000250
0.000174
0.000173
0.000170
0.000173
0.000207
0.000171
0.000167
0.000173
0.000170
0.000176
0.000167
0.000188
0.000170
0.000176
0.000173
0.000177
0.000176
0.000174
0.000175
0.000173
0.000173
0.000174
0.000170
0.000170
0.000173
0.000173
0.000170
0.000169
0.000170
0.000173
0.000176
0.000175
0.000175
0.000177
0.000179
0.000170
0.000172
0.000174
0.000171
0.000173
0.000169
0.000171
0.000188
0.000179
0.000169
0.000167
0.000171
0.000170
0.000167
0.000271
0.000176
0.000172
0.000170
0.000170
0.000391
0.000513
0.000390
0.000171
0.000172
0.000171
0.000172
0.000179
0.000180
0.000179
0.000174
0.000169
0.000383
0.000178
0.000177
0.000173
0.000174
0.000170
0.000167
0.000179
0.000175
0.000170
0.000171
0.000175
0.000438
0.000184
0.000427
0.000172
0.000170
0.000186
0.000171
0.000171
0.000170
0.000197
0.000170
0.000170
0.000172
0.000170
0.000172
0.000182
0.000190
0.000391
0.000175
0.000170
0.000173
0.000173
0.000194
0.000174
0.000171
0.000172
0.000171
0.000175
0.000174
0.000175
0.000173
0.000165
0.000194
0.000178
0.000177
0.000399
0.000168
0.000171
0.000170
0.000177
0.000173
0.000178
0.000171
0.000171
0.000171
0.000191
0.000177
0.000182
0.000176
0.000179
0.000177
0.000170
0.000170
0.000178
0.000176
0.000177
0.000173
0.000175
0.000176
0.000169
0.000174
0.000170
0.000172
0.000175
0.000174
0.000173
0.000493
0.000170
0.000170
0.000171
0.000171
0.000193
0.000169
0.000173
0.000170
0.000173
0.000177
0.000173
0.000170
0.000185
0.000176
0.000176
0.000169
0.000173
0.000175
0.000166
0.000167
0.000172
0.000170
0.000174
0.000173
0.000170
0.000169
0.000184
0.000174
0.000181
0.000351
0.000178
0.000171
0.000174
0.000170
0.000170
0.000170
0.000171
0.000171
0.000174
0.000175
0.000175
0.000172
0.000209
0.000172
0.000352
0.000176
0.000177
0.000170
0.000170
0.000167
0.000211
0.000171
0.000174
0.000178
0.000171
0.000172
0.000167
0.000174
0.000170
0.000171
0.000437
0.000171
0.000192
0.000174
0.000171
0.000175
0.000486
0.000171
0.000170
0.000171
0.000170
0.000169
0.000172
0.000173
0.000187
0.000194
0.000389
0.000176
0.000485
0.000173
0.000177
0.000174
0.000172
0.000171
0.000191
0.000435
0.000171
0.000171
0.000171
0.000201
0.000333
0.000179
0.000174
0.000170
0.000174
0.000229
0.000173
0.000167
0.000174
0.000175
0.000173
0.000182
0.000170
0.000174
0.000206
0.000175
0.000188
0.000177
0.000177
0.000177
0.000167
0.000173
0.000167
0.000170
0.000170
0.000174
0.000174
0.000174
0.000177
0.000174
0.000225
0.000503
0.000174
0.000204
0.000170
0.000174
0.000172
0.000170
0.000183
0.000178
0.000450
0.000171
0.000177
0.000171
0.000166
0.000170
0.000187
0.000384
0.000179
0.000188
0.000174
0.000174
0.000179
0.000184
0.000171
0.000190
0.000182
0.000171
0.000171
0.000174
0.000170
0.000185
0.000183
0.000193
0.000194
0.000424
0.000173
0.000172
0.000170
0.000176
0.000173
0.000170
0.000174
0.000173
0.000170
0.000175
0.000383
0.000495
0.000179
0.000241
0.000173
0.000170
0.000173
0.000173
0.000171
0.000170
0.000495
0.000223
0.000385
0.000507
0.000181
0.000172
0.000174
0.000170
0.000173
0.000174
0.000170
0.000170
0.000172
0.000172
0.000181
0.000462
0.000174
0.000170
0.000170
0.000173
0.000177
0.000173
0.000170
0.000169
0.000174
0.000177
0.000172
0.000447
0.000189
0.000188
0.000171
0.000170
0.000166
0.000169
0.000170
0.000174
0.000174
0.000198
0.000177
0.000170
0.000217
0.000502
0.000171
0.000191
0.000170
0.000173
0.000170
0.000171
0.000173
0.000170
0.000170
0.000170
0.000172
0.000190
0.000171
0.000175
0.000170
0.000193
0.000173
0.000172
0.000173
0.000171
0.000170
0.000172
0.000169
0.000170
0.000169
0.000170
0.000171
0.000171
0.000170
0.000273
0.000177
0.000170
0.000169
0.000170
0.000170
0.000170
0.000170
0.000192
0.000171
0.000174
0.000173
0.000174
0.000171
0.000180
0.000174
0.000170
0.000163
0.000174
0.000177
0.000173
0.000173
0.000167
0.000175
0.000174
0.000171
0.000170
0.000170
0.000172
0.000170
0.000418
0.000188
0.000163
0.000170
0.000166
0.000171
0.000176
0.000175
0.000173
0.000171
0.000196
0.000172
0.000170
0.000174
0.000171
0.000174
0.000169
0.000174
0.000170
0.000172
0.000170
0.000215
0.000166
0.000214
0.000173
0.000178
0.000171
0.000176
0.000174
0.000170
0.000170
0.000171
0.000171
0.000170
0.000170
0.000174
0.000178
0.000180
0.000180
0.000178
0.000179
0.000214
0.000187
0.000169
0.000173
0.000170
0.000171
0.000170
0.000173
0.000171
0.000170
0.000176
0.000173
0.000170
0.000173
0.000169
0.000173
0.000173
0.000171
0.000382
0.000173
0.000176
0.000170
0.000170
0.000170
0.000170
0.000166
0.000170
0.000173
0.000173
0.000170
0.000169
0.000175
0.000170
0.000173
0.000166
0.000177
0.000392
0.000175
0.000170
0.000173
0.000183
0.000187
0.000170
0.000171
0.000170
0.000170
0.000170
0.000170
0.000188
0.000170
0.000170
0.000173
0.000179
0.000174
0.000170
0.000170
0.000170
0.000173
0.000166
0.000383
0.000382
0.000382
0.000173
0.000170
0.000174
0.000405
0.000167
0.000175
0.000176
0.000172
0.000172
0.000169
0.000170
0.000176
0.000190
0.000174
0.000173
0.000171
0.000418
0.000170
0.000180
0.000178
0.000171
0.000170
0.000172
0.000170
0.000170
0.000172
0.000167
0.000171
0.000170
0.000169
0.000171
0.000170
0.000173
0.000167
0.000174
0.000174
0.000174
0.000214
0.000176
0.000170
0.000170
0.000173
0.000173
0.000170
0.000170
0.000170
0.000166
0.000169
0.000169
0.000170
0.000170
0.000171
0.000174
0.000171
0.000180
0.000173
0.000356
0.000177
0.000173
0.000171
0.000170
0.000165
0.000174
0.000170
0.000167
0.000173
0.000171
0.000177
0.000170
0.000174
0.000195
0.000170
0.000172
0.000169
0.000384
0.000170
0.000170
0.000170
0.000173
0.000175
0.000173
0.000171
0.000175
0.000378
0.000170
0.000173
0.000174
0.000170
0.000170
0.000189
0.000177
0.000168
0.000169
0.000382
0.000170
0.000185
0.000171
0.000166
0.000170
0.000168
0.000173
0.000170
0.000169
0.000172
0.000174
0.000170
0.000170
0.000178
0.000174
0.000170
0.000184
0.000206
0.000171
0.000171
0.000182
0.000174
0.000171
0.000170
0.000172
0.000171
0.000173
0.000170
0.000170
0.000166
0.000173
0.000199
0.000178
0.000172
0.000173
0.000175
0.000171
0.000170
0.000173
0.000167
0.000175
0.000170
0.000173
0.000170
0.000170
0.000174
0.000185
0.000173
0.000170
0.000173
0.000172
0.000174
0.000319
0.000179
0.000230
0.000173
0.000167
0.000170
0.000170
0.000171
0.000170
0.000170
0.000170
0.000173
0.000560
0.000171
0.000173
0.000172
0.000175
0.000170
0.000170
0.000170
0.000170
0.000168
0.000171
0.000170
0.000167
0.000174
0.000174
0.000170
0.000173
0.000172
0.000186
0.000170
0.000175
0.000170
0.000177
0.000170
0.000176
0.000170
0.000170
0.000174
0.000172
0.000171
0.000173
0.000167
0.000171
0.000171
0.000186
0.000175
0.000167
0.000419
0.000417
0.000173
0.000177
0.000170
0.000173
0.000171
0.000170
0.000175
0.000203
0.000174
0.000233
0.000166
0.000167
0.000173
0.000173
0.000179
0.000172
0.000171
0.000371
0.000170
0.000170
0.000170
0.000248
0.000167
0.000166
0.000173
0.000177
0.000171
0.000216
0.000176
0.000195
0.000188
0.000177
0.000171
0.000176
0.000171
0.000170
0.000175
0.000173
0.000173
0.000170
0.000167
0.000169
0.000173
0.000173
0.000174
0.000171
0.000172
0.000479
0.000181
0.000174
0.000172
0.000174
0.000176
0.000174
0.000170
0.000170
0.000222
0.000171
0.000170
0.000173
0.000175
0.000173
0.000376
0.000173
0.000168
0.000182
0.000179
0.000171
0.000171
0.000190
0.000170
0.000173
0.000171
0.000172
0.000382
0.000294
0.000172
0.000174
0.000177
0.000179
0.000310
0.000175
0.000174
0.000174
0.000174
0.000167
0.000170
0.000179
0.000175
0.000187
0.000190
0.000173
0.000183
0.000170
0.000174
0.000186
0.000178
0.000173
0.000166
0.000183
0.000172
0.000170
0.000380
0.000171
0.000169
0.000170
0.000177
0.000170
0.000166
0.000173
0.000170
0.000174
0.000209
0.000178
0.000171
0.000387
0.000190
0.000173
0.000169
0.000170
0.000175
0.000170
0.000173
0.000173
0.000170
0.000174
0.000181
0.000172
0.000188
0.000386
0.000174
0.000178
0.000384
0.000527
0.000171
0.000173
0.000193
0.000186
0.000193
0.000429
0.000180
0.000171
0.000334
0.000443
0.000172
0.000171
0.000171
0.000175
0.000172
0.000241
0.000431
0.000174
0.000208
0.000383
0.000177
0.000493
0.000174
0.000492
0.000171
0.000177
0.000171
0.000171
0.000175
0.000170
0.000178
0.000175
0.000173
0.000174
0.000462
0.000176
0.000173
0.000174
0.000170
0.000175
0.000175
0.000189
0.000171
0.000176
0.000188
0.000386
0.000366
0.000178
0.000166
0.000173
0.000172
0.000174
0.000170
0.000170
0.000174
0.000172
0.000170
0.000172
0.000175
0.000177
0.000173
0.000175
0.000170
0.000191
0.000172
0.000170
0.000172
0.000203
0.000171
0.000169
0.000174
0.000171
0.000172
0.000175
0.000173
0.000410
0.000175
0.000168
0.000170
0.000175
0.000176
0.000180
0.000171
0.000171
0.000175
0.000385
0.000174
0.000190
0.000173
0.000173
0.000168
0.000176
0.000171
0.000171
0.000175
0.000172
0.000385
0.000174
0.000174
0.000174
0.000177
0.000169
0.000174
0.000172
0.000173
0.000174
0.000181
0.000174
0.000426
0.000176
0.000171
0.000174
0.000173
0.000210
0.000174
0.000174
0.000281
0.000381
0.000186
0.000183
0.000380
0.000176
0.000171
0.000170
0.000173
0.000387
0.000188
0.000389
0.000487
0.000172
0.000176
0.000391
0.000383
0.000169
0.000167
0.000175
0.000230
0.000169
0.000170
0.000172
0.000171
0.000174
0.000306
0.000171
0.000375
0.000171
0.000175
0.000177
0.000170
0.000171
0.000170
0.000171
0.000189
0.000171
0.000170
0.000204
0.000383
0.000173
0.000173
0.000382
0.000555
0.000174
0.000184
0.000171
0.000174
0.000380
0.000172
0.000171
0.000177
0.000172
0.000174
0.000172
0.000170
0.000173
0.000170
0.000174
0.000174
0.000175
0.000172
0.000175
0.000167
0.000173
0.000419
0.000171
0.000166
0.000167
0.000166
0.000175
0.000168
0.000170
0.000171
0.000175
0.000173
0.000172
0.000171
0.000391
0.000175
0.000503
0.000343
0.000495
0.000176
0.000171
0.000180
0.000173
0.000171
0.000178
0.000177
0.000171
0.000171
0.000174
0.000170
0.000171
0.000172
0.000174
0.000170
0.000171
0.000173
0.000391
0.000173
0.000174
0.000174
0.000167
0.000171
0.000170
0.000255
0.000500
0.000244
0.000171
0.000172
0.000201
0.000172
0.000385
0.000172
0.000172
0.000258
0.000608
0.000176
0.000383
0.000167
0.000166
0.000171
0.000171
0.000171
0.000390
0.000312
0.000170
0.000172
0.000174
0.000237
0.000171
0.000169
0.000174
0.000174
0.000494
0.000174
0.000176
0.000171
0.000171
0.000183
0.000172
0.000171
0.000170
0.000172
0.000171
0.000179
0.000174
0.000176
0.000185
0.000227
0.000171
0.000173
0.000170
0.000171
0.000167
0.000169
0.000170
0.000172
0.000175
0.000171
0.000170
0.000171
0.000329
0.000390
0.000504
0.000178
0.000172
0.000240
0.000167
0.000170
0.000227
0.000343
0.000172
0.000177
0.000171
0.000178
0.000174
0.000173
0.000170
0.000170
0.000170
0.000175
0.000179
0.000172
0.000375
0.000281
0.000382
0.000173
0.000175
0.000176
0.000171
0.000167
0.000177
0.000180
0.000173
0.000200
0.000170
0.000171
0.000171
0.000170
0.000170
0.000170
0.000170
0.000171
0.000171
0.000184
0.000181
0.000482
0.000172
0.000178
0.000166
0.000171
0.000170
0.000173
0.000171
0.000171
0.000174
0.000169
0.000176
0.000174
0.000182
0.000179
0.000179
0.000389
0.000167
0.000170
0.000170
0.000173
0.000170
0.000171
0.000174
0.000176
0.000177
0.000170
0.000268
0.000176
0.000177
0.000494
0.000171
0.000172
0.000173
0.000171
0.000177
0.000171
0.000170
0.000180
0.000177
0.000181
0.000173
0.000173
0.000171
0.000176
0.000182
0.000530
0.000178
0.000170
0.000174
0.000171
0.000170
0.000173
0.000197
0.000184
0.000174
0.000172
0.000174
0.000171
0.000173
0.000170
0.000170
0.000173
0.000170
0.000170
0.000504
0.000173
0.000169
0.000173
0.000174
0.000174
0.000178
0.000171
0.000166
0.000172
0.000171
0.000173
0.000170
0.000173
0.000381
0.000173
0.000171
0.000171
0.000173
0.000170
0.000175
0.000167
0.000170
0.000170
0.000167
0.000171
0.000187
0.000174
0.000170
0.000173
0.000214
0.000276
0.000171
0.000176
0.000170
0.000173
0.000389
0.000167
0.000178
0.000176
0.000171
0.000168
0.000170
0.000175
0.000174
0.000173
0.000170
0.000174
0.000170
0.000170
0.000173
0.000183
0.000170
0.000174
0.000185
0.000171
0.000347
0.000173
0.000484
0.000539
0.000170
0.000169
0.000170
0.000251
0.000171
0.000171
0.000186
0.000175
0.000173
0.000172
0.000195
0.000175
0.000172
0.000170
0.000169
0.000170
0.000170
0.000175
0.000201
0.000173
0.000174
0.000175
0.000169
0.000170
0.000171
0.000171
0.000170
0.000179
0.000166
0.000177
0.000396
0.000174
0.000170
0.000196
0.000171
0.000171
0.000189
0.000175
0.000193
0.000170
0.000183
0.000177
0.000169
0.000410
0.000177
0.000174
0.000170
0.000177
0.000171
0.000178
0.000170
0.000171
0.000167
0.000174
0.000173
0.000170
0.000211
0.000198
0.000172
0.000174
0.000169
0.000170
0.000173
0.000173
0.000170
0.000171
0.000170
0.000165
0.000170
0.000174
0.000189
0.000171
0.000190
0.000170
0.000174
0.000175
0.000381
0.000171
0.000173
0.000172
0.000167
0.000170
0.000172
0.000177
0.000177
0.000173
0.000173
0.000170
0.000237
0.000381
0.000171
0.000170
0.000174
0.000175
0.000171
0.000173
0.000177
0.000221
0.000172
0.000174
0.000172
0.000171
0.000170
0.000174
0.000171
0.000174
0.000173
0.000179
0.000175
0.000418
0.000171
0.000172
0.000170
0.000178
0.000171
0.000190
0.000170
0.000167
0.000171
0.000170
0.000170
0.000238
0.000186
0.000174
0.000170
0.000168
0.000171
0.000170
0.000171
0.000170
0.000167
0.000174
0.000175
0.000174
0.000173
0.000170
0.000174
0.000189
0.000190
0.000171
0.000171
0.000186
0.000172
0.000173
0.000467
0.000170
0.000166
0.000170
0.000171
0.000178
0.000173
0.000170
0.000170
0.000174
0.000170
0.000170
0.000171
0.000187
0.000173
0.000189
0.000170
0.000171
0.000170
0.000176
0.000170
0.000180
0.000173
0.000172
0.000174
0.000170
0.000171
0.000263
0.000175
0.000190
0.000173
0.000170
0.000171
0.000178
0.000175
0.000176
0.000176
0.000174
0.000171
0.000171
0.000173
0.000194
0.000170
0.000170
0.000187
0.000170
0.000171
0.000179
0.000172
0.000170
0.000171
0.000186
0.000171
0.000187
0.000230
0.000171
0.000171
0.000170
0.000174
0.000170
0.000170
0.000174
0.000170
0.000174
0.000231
0.000171
0.000168
0.000190
0.000171
0.000174
0.000170
0.000175
0.000316
0.000476
0.000171
0.000170
0.000171
0.000220
0.000171
0.000170
0.000170
0.000170
0.000177
0.000169
0.000170
0.000194
0.000174
0.000174
0.000175
0.000170
0.000170
0.000170
0.000172
0.000170
0.000174
0.000174
0.000173
0.000174
0.000171
0.000187
0.000170
0.000170
0.000170
0.000188
0.000175
0.000176
0.000188
0.000177
0.000173
0.000171
0.000182
0.000170
0.000170
0.000169
0.000170
0.000170
0.000173
0.000170
0.000170
0.000166
0.000170
0.000171
0.000173
0.000175
0.000170
0.000174
0.000173
0.000175
0.000176
0.000193
0.000171
0.000167
0.000173
0.000172
0.000167
0.000170
0.000172
0.000170
0.000167
0.000171
0.000167
0.000377
0.000170
0.000171
0.000167
0.000167
0.000168
0.000175
0.000170
0.000172
0.000172
0.000170
0.000170
0.000170
0.000171
0.000174
0.000167
0.000170
0.000173
0.000325
0.000183
0.000170
0.000172
0.000192
0.000170
0.000170
0.000170
0.000170
0.000177
0.000168
0.000172
0.000167
0.000170
0.000176
0.000361
0.000175
0.000174
0.000170
0.000170
0.000170
0.000170
0.000176
0.000174
0.000172
0.000189
0.000174
0.000173
0.000173
0.000171
0.000172
0.000174
0.000173
0.000173
0.000171
0.000291
0.000187
0.000177
0.000177
0.000170
0.000173
0.000173
0.000171
0.000170
0.000175
0.000175
0.000171
0.000173
0.000172
0.000172
0.000171
0.000170
0.000187
0.000168
0.000380
0.000561
0.000172
0.000174
0.000174
0.000170
0.000167
0.000382
0.000392
0.000169
0.000377
0.000171
0.000170
0.000202
0.000177
0.000173
0.000174
0.000175
0.000172
0.000444
0.000192
0.000171
0.000175
0.000174
0.000179
0.000176
0.000174
0.000170
0.000171
0.000384
0.000175
0.000170
0.000174
0.000171
0.000170
0.000390
0.000385
0.000177
0.000175
0.000171
0.000176
0.000170
0.000171
0.000170
0.000172
0.000171
0.000171
0.000167
0.000180
0.000174
0.000174
0.000170
0.000173
0.000170
0.000170
0.000171
0.000171
0.000173
0.000169
0.000171
0.000171
0.000170
0.000172
0.000173
0.000174
0.000173
0.000170
0.000172
0.000174
0.000169
0.000175
0.000167
0.000168
0.000171
0.000171
0.000334
0.000173
0.000172
0.000172
0.000384
0.000170
0.000175
0.000173
