0.000225
0.000577
0.000503
0.000225
0.000493
0.000227
0.000242
0.000534
0.000223
0.000222
0.000222
0.000241
0.000230
0.000225
0.000430
0.000229
0.000221
0.000284
0.000224
0.000597
0.000400
0.000225
0.000440
0.000228
0.000472
0.000520
0.000224
0.000496
0.000357
0.000223
0.000227
0.000222
0.000221
0.000222
0.000638
0.000648
0.000225
0.000233
0.000222
0.000228
0.000222
0.000222
0.000227
0.000220
0.000221
0.000217
0.000225
0.000226
0.000228
0.000243
0.000230
0.000365
0.000429
0.000227
0.000231
0.000221
0.000225
0.000235
0.000227
0.000226
0.000219
0.000225
0.000231
0.000224
0.000224
0.000295
0.000476
0.000250
0.000229
0.000235
0.000222
0.000236
0.000230
0.000224
0.000395
0.000223
0.000222
0.000223
0.000276
0.000519
0.000510
0.000223
0.000247
0.000498
0.000226
0.000223
0.000228
0.000222
0.000229
0.000233
0.000450
0.000225
0.000233
0.000378
0.000244
0.000221
0.000227
0.000221
0.000229
0.000221
0.000318
0.000387
0.000232
0.000323
0.000498
0.000241
0.000497
0.000471
0.000233
0.000364
0.000497
0.000223
0.000235
0.000232
0.000222
0.000226
0.000235
0.000227
0.000641
0.000228
0.000225
0.000368
0.000222
0.000219
0.000523
0.000638
0.000226
0.000644
0.000225
0.000223
0.000226
0.000268
0.000380
0.000498
0.000555
0.000218
0.000545
0.000734
0.000511
0.000498
0.000498
0.000227
0.000223
0.000221
0.000496
0.000223
0.000517
0.000442
0.000223
0.000493
0.000246
0.000226
0.000221
0.000222
0.000219
0.000227
0.000222
0.000226
0.000230
0.000646
0.000224
0.000234
0.000666
0.000221
0.000228
0.000225
0.000221
0.000220
0.000225
0.000383
0.000222
0.000613
0.000240
0.000223
0.000222
0.000230
0.000504
0.000224
0.000222
0.000238
0.000235
0.000230
0.000223
0.000225
0.000221
0.000221
0.000221
0.000221
0.000227
0.000460
0.000321
0.000614
0.000264
0.000282
0.000591
0.000225
0.000231
0.000226
0.000220
0.000219
0.000226
0.000280
0.000330
0.000228
0.000248
0.000226
0.000225
0.000263
0.000323
0.000221
0.000236
0.000648
0.000222
0.000226
0.000246
0.000222
0.000228
0.000497
0.000224
0.000227
0.000222
0.000494
0.000220
0.000471
0.000497
0.000225
0.000227
0.000220
0.000221
0.000223
0.000318
0.000498
0.000223
0.000227
0.000222
0.000225
0.000228
0.000221
0.000264
0.000228
0.000229
0.000228
0.000228
0.000224
0.000251
0.000221
0.000228
0.000221
0.000224
0.000222
0.000222
0.000223
0.000241
0.000229
0.000231
0.000224
0.000221
0.000239
0.000221
0.000221
0.000221
0.000229
0.000638
0.000231
0.000233
0.000220
0.000292
0.000234
0.000237
0.000222
0.000223
0.000221
0.000244
0.000223
0.000221
0.000227
0.000224
0.000248
0.000230
0.000233
0.000226
0.000333
0.000227
0.000226
0.000226
0.000223
0.000233
0.000226
0.000238
0.000221
0.000223
0.000224
0.000232
0.000499
0.000349
0.000500
0.000229
0.000406
0.000527
0.000224
0.000218
0.000227
0.000223
0.000230
0.000222
0.000222
0.000245
0.000225
0.000494
0.000229
0.000228
0.000226
0.000227
0.000222
0.000229
0.000225
0.000229
0.000229
0.000221
0.000226
0.000226
0.000225
0.000239
0.000227
0.000534
0.000484
0.000223
0.000223
0.000222
0.000221
0.000297
0.000543
0.000279
0.000226
0.000510
0.000378
0.000223
0.000228
0.000222
0.000497
0.000221
0.000225
0.000231
0.000620
0.000222
0.000228
0.000225
0.000227
0.000228
0.000221
0.000225
0.000223
0.000229
0.000223
0.000229
0.000345
0.000225
0.000510
0.000240
0.000385
0.000226
0.000226
0.000372
0.000257
0.000228
0.000229
0.000220
0.000282
0.000497
0.000221
0.000506
0.000224
0.000238
0.000222
0.000234
0.000528
0.000305
0.000506
0.000226
0.000225
0.000222
0.000220
0.000421
0.000226
0.000225
0.000223
0.000226
0.000644
0.000228
0.000226
0.000223
0.000318
0.000408
0.000494
0.000222
0.000253
0.000239
0.000226
0.000253
0.000228
0.000583
0.000497
0.000224
0.000224
0.000221
0.000221
0.000231
0.000303
0.000230
0.000385
0.000492
0.000473
0.000225
0.000226
0.000382
0.000224
0.000223
0.000266
0.000239
0.000228
0.000222
0.000227
0.000229
0.000238
0.000224
0.000227
0.000226
0.000227
0.000222
0.000247
0.000229
0.000219
0.000312
0.000493
0.000217
0.000234
0.000530
0.000226
0.000225
0.000227
0.000220
0.000222
0.000496
0.000241
0.000273
0.000226
0.000227
0.000223
0.000428
0.000227
0.000550
0.000495
0.000219
0.000633
0.000555
0.000230
0.000225
0.000227
0.000226
0.000226
0.000224
0.000224
0.000227
0.000219
0.000247
0.000219
0.000507
0.000230
0.000232
0.000494
0.000227
0.000259
0.000223
0.000224
0.000232
0.000393
0.000438
0.000418
0.000227
0.000226
0.000271
0.000228
0.000225
0.000222
0.000507
0.000246
0.000226
0.000223
0.000244
0.000222
0.000222
0.000227
0.000497
0.000222
0.000231
0.000230
0.000242
0.000260
0.000227
0.000642
0.000220
0.000226
0.000221
0.000222
0.000223
0.000225
0.000221
0.000241
0.000223
0.000231
0.000239
0.000554
0.000607
0.000237
0.000497
0.000545
0.000485
0.000221
0.000223
0.000410
0.000249
0.000228
0.000237
0.000226
0.000221
0.000465
0.000506
0.000519
0.000231
0.000240
0.000461
0.000498
0.000230
0.000230
0.000222
0.000507
0.000222
0.000244
0.000224
0.000219
0.000220
0.000229
0.000455
0.000258
0.000511
0.000278
0.000228
0.000463
0.000377
0.000230
0.000223
0.000509
0.000224
0.000505
0.000561
0.000498
0.000221
0.000222
0.000276
0.000563
0.000522
0.000224
0.000227
0.000221
0.000225
0.000230
0.000222
0.000219
0.000223
0.000252
0.000221
0.000231
0.000223
0.000226
0.000518
0.000225
0.000227
0.000222
0.000224
0.000229
0.000229
0.000222
0.000230
0.000230
0.000224
0.000243
0.000227
0.000226
0.000500
0.000226
0.000228
0.000227
0.000285
0.000613
0.000228
0.000227
0.000221
0.000242
0.000222
0.000226
0.000222
0.000393
0.000227
0.000222
0.000227
0.000222
0.000397
0.000425
0.000219
0.000227
0.000230
0.000221
0.000241
0.000511
0.000247
0.000227
0.000222
0.000221
0.000223
0.000266
0.000227
0.000221
0.000430
0.000226
0.000226
0.000227
0.000222
0.000226
0.000218
0.000222
0.000226
0.000221
0.000219
0.000227
0.000226
0.000225
0.000235
0.000282
0.000530
0.000228
0.000219
0.000239
0.000227
0.000221
0.000222
0.000220
0.000222
0.000222
0.000221
0.000227
0.000643
0.000312
0.000522
0.000228
0.000230
0.000464
0.000223
0.000232
0.000540
0.000317
0.000493
0.000229
0.000836
0.000243
0.000224
0.000220
0.000369
0.000590
0.000223
0.000227
0.000223
0.000226
0.000226
0.000222
0.000837
0.000225
0.000649
0.000656
0.000581
0.000221
0.000222
0.000222
0.000220
0.000306
0.000223
0.000256
0.000515
0.000599
0.000234
0.000220
0.000598
0.000226
0.000520
0.000639
0.000226
0.000511
0.000224
0.000225
0.000231
0.000226
0.000239
0.000223
0.000222
0.000221
0.000221
0.000221
0.000226
0.000255
0.000410
0.000717
0.000227
0.000223
0.000629
0.000637
0.000224
0.000228
0.000228
0.000221
0.000255
0.000575
0.000224
0.000228
0.000219
0.000224
0.000640
0.000512
0.000222
0.000232
0.000498
0.000225
0.000228
0.000507
0.000226
0.000222
0.000220
0.000230
0.000231
0.000224
0.000497
0.000225
0.000227
0.000238
0.000221
0.000227
0.000227
0.000341
0.000640
0.000223
0.000231
0.000493
0.000222
0.000230
0.000239
0.000220
0.000227
0.000222
0.000498
0.000226
0.000225
0.000225
0.000518
0.000222
0.000244
0.000221
0.000228
0.000227
0.000229
0.000222
0.000788
0.000272
0.000387
0.000849
0.000228
0.000230
0.000227
0.000238
0.000221
0.000656
0.000224
0.000230
0.000227
0.000222
0.000223
0.000541
0.000223
0.000226
0.000503
0.000654
0.000566
0.000223
0.000560
0.000358
0.000225
0.000221
0.000327
0.000369
0.000235
0.000461
0.000713
0.000603
0.000220
0.000320
0.000227
0.000226
0.000222
0.000226
0.000261
0.000224
0.000226
0.000480
0.000646
0.000222
0.000222
0.000221
0.000241
0.000506
0.000223
0.000471
0.000640
0.000509
0.000527
0.000382
0.000223
0.000226
0.000222
0.000221
0.000230
0.000558
0.000263
0.000221
0.000243
0.000428
0.000230
0.000637
0.000512
0.000522
0.000227
0.000222
0.000529
0.000585
0.000228
0.000341
0.000501
0.000579
0.000222
0.000402
0.000614
0.000220
0.000497
0.000681
0.000221
0.000218
0.000239
0.000354
0.000296
0.000223
0.000224
0.000268
0.000223
0.000230
0.000226
0.000347
0.000244
0.000497
0.000233
0.000271
0.000541
0.000531
0.000349
0.000249
0.000221
0.000223
0.000229
0.000226
0.000222
0.000221
0.000272
0.000616
0.000414
0.000506
0.000339
0.000220
0.000222
0.000222
0.000220
0.000229
0.000453
0.000224
0.000514
0.000224
0.000224
0.000219
0.000511
0.000497
0.000222
0.000500
0.000227
0.000229
0.000226
0.000495
0.000410
0.000222
0.000438
0.000230
0.000230
0.000427
0.000230
0.000220
0.000219
0.000230
0.000221
0.000221
0.000227
0.000500
0.000228
0.000228
0.000527
0.000224
0.000233
0.000224
0.000224
0.000656
0.000223
0.000642
0.000227
0.000222
0.000234
0.000496
0.000222
0.000234
0.000226
0.000227
0.000227
0.000222
0.000500
0.000223
0.000225
0.000221
0.000222
0.000496
0.000238
0.000233
0.000496
0.000223
0.000223
0.000223
0.000497
0.000247
0.000233
0.000496
0.000223
0.000226
0.000511
0.000227
0.000257
0.000506
0.000238
0.000225
0.000224
0.000251
0.000223
0.000415
0.000229
0.000222
0.000229
0.000226
0.000511
0.000712
0.000225
0.000228
0.000226
0.000225
0.000228
0.000225
0.000226
0.000657
0.000224
0.000228
0.000224
0.000231
0.000227
0.000221
0.000222
0.000494
0.000223
0.000226
0.000231
0.000246
0.000221
0.000221
0.000619
0.000229
0.000221
0.000465
0.000222
0.000496
0.000282
0.000228
0.000236
0.000234
0.000623
0.000225
0.000436
0.000629
0.000601
0.000505
0.000236
0.000222
0.000450
0.000524
0.000222
0.000223
0.000252
0.000227
0.000221
0.000224
0.000370
0.000657
0.000232
0.000301
0.000228
0.000223
0.000677
0.000301
0.000225
0.000227
0.000231
0.000229
0.000515
0.000630
0.000304
0.000227
0.000249
0.000226
0.000222
0.000221
0.000226
0.000463
0.000716
0.000494
0.000491
0.000224
0.000336
0.000228
0.000222
0.000456
0.000684
0.000226
0.000241
0.000227
0.000223
0.000229
0.000223
0.000219
0.000279
0.000543
0.000224
0.000225
0.000396
0.000445
0.000221
0.000231
0.000223
0.000705
0.000225
0.000221
0.000221
0.000239
0.000230
0.000311
0.000652
0.000404
0.000641
0.000238
0.000219
0.000557
0.000648
0.000233
0.000231
0.000224
0.000223
0.000653
0.000229
0.000222
0.000221
0.000223
0.000226
0.000224
0.000378
0.000229
0.000231
0.000228
0.000228
0.000680
0.000242
0.000293
0.000501
0.000516
0.000445
0.000226
0.000229
0.000236
0.000222
0.000226
0.000382
0.000231
0.000225
0.000226
0.000230
0.000223
0.000508
0.000639
0.000222
0.000388
0.000599
0.000473
0.000521
0.000226
0.000224
0.000502
0.000688
0.000222
0.000303
0.000578
0.000521
0.000656
0.000228
0.000227
0.000228
0.000233
0.000224
0.000643
0.000227
0.000228
0.000223
0.000220
0.000255
0.000220
0.000227
0.000228
0.000227
0.000532
0.000555
0.000223
0.000222
0.000226
0.000639
0.000226
0.000666
0.000300
0.000783
0.000394
0.000232
0.000222
0.000496
0.000388
0.000221
0.000222
0.000232
0.000265
0.000338
0.000478
0.000365
0.000235
0.000231
0.000496
0.000242
0.000608
0.000220
0.000226
0.000219
0.000351
0.000223
0.000237
0.000230
0.000221
0.000223
0.000270
0.000240
0.000242
0.000229
0.000231
0.000318
0.000224
0.000221
0.000222
0.000221
0.000227
0.000225
0.000538
0.000287
0.000223
0.000222
0.000217
0.000225
0.000220
0.000231
0.000221
0.000227
0.000222
0.000219
0.000226
0.000221
0.000218
0.000224
0.000218
0.000240
0.000227
0.000220
0.000241
0.000225
0.000223
0.000222
0.000231
0.000223
0.000231
0.000225
0.000224
0.000223
0.000226
0.000223
0.000245
0.000394
0.000220
0.000221
0.000221
0.000222
0.000221
0.000221
0.000225
0.000225
0.000231
0.000221
0.000223
0.000219
0.000218
0.000220
0.000227
0.000235
0.000221
0.000228
0.000230
0.000238
0.000222
0.000221
0.000226
0.000217
0.000221
0.000220
0.000231
0.000226
0.000222
0.000221
0.000265
0.000222
0.000542
0.000504
0.000225
0.000226
0.000226
0.000245
0.000227
0.000224
0.000223
0.000219
0.000551
0.000221
0.000223
0.000221
0.000221
0.000605
0.000221
0.000225
0.000268
0.000222
0.000220
0.000220
0.000225
0.000434
0.000461
0.000228
0.000255
0.000226
0.000227
0.000221
0.000220
0.000221
0.000224
0.000225
0.000221
0.000227
0.000227
0.000244
0.000222
0.000398
0.000223
0.000225
0.000220
0.000226
0.000221
0.000241
0.000225
0.000221
0.000225
0.000227
0.000221
0.000222
0.000223
0.000611
0.000221
0.000221
0.000223
0.000217
0.000226
0.000221
0.000222
0.000220
0.000222
0.000228
0.000222
0.000221
0.000408
0.000225
0.000221
0.000222
0.000222
0.000219
0.000297
0.000225
0.000228
0.000221
0.000221
0.000575
0.000232
0.000225
0.000219
0.000228
0.000221
0.000220
0.000221
0.000221
0.000217
0.000455
0.000244
0.000239
0.000225
0.000221
0.000226
0.000221
0.000222
0.000228
0.000225
0.000222
0.000230
0.000222
0.000225
0.000224
0.000221
0.000221
0.000499
0.000220
0.000226
0.000221
0.000226
0.000221
0.000501
0.000239
0.000219
0.000242
0.000264
0.000222
0.000221
0.000259
0.000223
0.000227
0.000230
0.000221
0.000637
0.000269
0.000225
0.000225
0.000220
0.000220
0.000223
0.000226
0.000222
0.000507
0.000496
0.000235
0.000528
0.000283
0.000221
0.000227
0.000225
0.000222
0.000227
0.000220
0.000221
0.000223
0.000223
0.000246
0.000226
0.000224
0.000224
0.000221
0.000227
0.000227
0.000228
0.000503
0.000707
0.000225
0.000222
0.000226
0.000219
0.000222
0.000224
0.000219
0.000219
0.000221
0.000229
0.000219
0.000217
0.000217
0.000226
0.000226
0.000225
0.000360
0.000219
0.000228
0.000225
0.000221
0.000219
0.000225
0.000224
0.000226
0.000226
0.000222
0.000221
0.000227
0.000226
0.000221
0.000271
0.000243
0.000222
0.000220
0.000486
0.000218
0.000243
0.000220
0.000236
0.000351
0.000224
0.000224
0.000227
0.000220
0.000222
0.000226
0.000238
0.000223
0.000224
0.000222
0.000225
0.000219
0.000221
0.000225
0.000221
0.000239
0.000222
0.000225
0.000221
0.000221
0.000223
0.000229
0.000229
0.000384
0.000492
0.000222
0.000221
0.000223
0.000221
0.000222
0.000225
0.000221
0.000223
0.000221
0.000222
0.000505
0.000280
0.000260
0.000222
0.000222
0.000272
0.000220
0.000224
0.000222
0.000221
0.000220
0.000226
0.000242
0.000229
0.000231
0.000353
0.000225
0.000423
0.000223
0.000220
0.000222
0.000220
0.000231
0.000240
0.000225
0.000226
0.000223
0.000230
0.000226
0.000221
0.000221
0.000222
0.000219
0.000222
0.000220
0.000227
0.000226
0.000225
0.000221
0.000225
0.000221
0.000228
0.000222
0.000221
0.000220
0.000222
0.000230
0.000223
0.000257
0.000224
0.000220
0.000226
0.000223
0.000219
0.000217
0.000219
0.000225
0.000225
0.000221
0.000218
0.000220
0.000220
0.000221
0.000228
0.000225
0.000222
0.000228
0.000219
0.000220
0.000227
0.000225
0.000237
0.000226
0.000219
0.000641
0.000225
0.000235
0.000219
0.000221
0.000223
0.000225
0.000226
0.000223
0.000226
0.000230
0.000583
0.000220
0.000221
0.000220
0.000228
0.000226
0.000223
0.000442
0.000222
0.000228
0.000226
0.000226
0.000233
0.000223
0.000222
0.000218
0.000221
0.000220
0.000225
0.000223
0.000529
0.000658
0.000223
0.000223
0.000234
0.000249
0.000231
0.000221
0.000225
0.000226
0.000222
0.000234
0.000225
0.000227
0.000221
0.000222
0.000222
0.000237
0.000222
0.000224
0.000222
0.000223
0.000226
0.000230
0.000225
0.000225
0.000230
0.000343
0.000226
0.000225
0.000226
0.000220
0.000230
0.000221
0.000222
0.000231
0.000223
0.000231
0.000224
0.000230
0.000242
0.000222
0.000222
0.000225
0.000220
0.000222
0.000222
0.000231
0.000225
0.000225
0.000226
0.000544
0.000221
0.000222
0.000226
0.000219
0.000446
0.000230
0.000225
0.000226
0.000220
0.000222
0.000222
0.000225
0.000221
0.000218
0.000222
0.000222
0.000229
0.000222
0.000223
0.000222
0.000226
0.000223
0.000241
0.000222
0.000227
0.000226
0.000223
0.000236
0.000228
0.000221
0.000225
0.000225
0.000224
0.000226
0.000218
0.000227
0.000222
0.000237
0.000224
0.000224
0.000221
0.000224
0.000226
0.000220
0.000219
0.000221
0.000225
0.000235
0.000226
0.000228
0.000225
0.000221
0.000246
0.000221
0.000225
0.000221
0.000222
0.000221
0.000221
0.000239
0.000225
0.000226
0.000222
0.000241
0.000452
0.000222
0.000222
0.000222
0.000221
0.000490
0.000536
0.000228
0.000227
0.000225
0.000228
0.000227
0.000225
0.000222
0.000220
0.000227
0.000240
0.000223
0.000224
0.000221
0.000275
0.000222
0.000226
0.000220
0.000221
0.000220
0.000228
0.000223
0.000221
0.000227
0.000221
0.000226
0.000231
0.000235
0.000226
0.000226
0.000232
0.000226
0.000650
0.000230
0.000221
0.000222
0.000225
0.000221
0.000240
0.000221
0.000229
0.000302
0.000401
0.000226
0.000226
0.000222
0.000229
0.000224
0.000232
0.000225
0.000222
0.000229
0.000221
0.000220
0.000224
0.000222
0.000216
0.000508
0.000300
0.000221
0.000232
0.000227
0.000226
0.000262
0.000226
0.000614
0.000468
0.000604
0.000225
0.000364
0.000227
0.000506
0.000277
0.000488
0.000242
0.000233
0.000670
0.000352
0.000507
0.000229
0.000533
0.000236
0.000245
0.000227
0.000456
0.000228
0.000223
0.000525
0.000223
0.000497
0.000222
0.000225
0.000253
0.000226
0.000247
0.000223
0.000224
0.000224
0.000220
0.000222
0.000225
0.000227
0.000219
0.000235
0.000399
0.000229
0.000334
0.000229
0.000294
0.000224
0.000539
0.000386
0.000228
0.000229
0.000223
0.000225
0.000223
0.000224
0.000222
0.000496
0.000223
0.000230
0.000227
0.000224
0.000451
0.000221
0.000228
0.000224
0.000239
0.000225
0.000220
0.000228
0.000245
0.000224
0.000261
0.000358
0.000455
0.000221
0.000230
0.000222
0.000226
0.000227
0.000222
0.000218
0.000222
0.000240
0.000230
0.000223
0.000225
0.000242
0.000309
0.000506
0.000244
0.000223
0.000226
0.000221
0.000293
0.000222
0.000233
0.000227
0.000234
0.000223
0.000371
0.000227
0.000225
0.000227
0.000222
0.000509
0.000224
0.000496
0.000337
0.000509
0.000228
0.000227
0.000303
0.000581
0.000228
0.000236
0.000225
0.000231
0.000227
0.000224
0.000227
0.000225
0.000227
0.000260
0.000227
0.000226
0.000225
0.000495
0.000304
0.000500
0.000300
0.000229
0.000230
0.000231
0.000220
0.000516
0.000228
0.000224
0.000500
0.000222
0.000232
0.000223
0.000225
0.000222
0.000318
0.000250
0.000225
0.000226
0.000224
0.000263
0.000242
0.000234
0.000228
0.000256
0.000225
0.000220
0.000228
0.000226
0.000224
0.000264
0.000225
0.000221
0.000225
0.000228
0.000223
0.000227
0.000222
0.000387
0.000217
0.000228
0.000222
0.000221
0.000238
0.000225
0.000348
0.000498
0.000222
0.000235
0.000222
0.000225
0.000223
0.000225
0.000228
0.000268
0.000503
0.000223
0.000226
0.000239
0.000222
0.000322
0.000567
0.000230
0.000227
0.000235
0.000228
0.000228
0.000223
0.000230
0.000225
0.000226
0.000226
0.000226
0.000526
0.000226
0.000229
0.000229
0.000230
0.000228
0.000291
0.000518
0.000248
0.000262
0.000227
0.000230
0.000222
0.000221
0.000227
0.000226
0.000222
0.000223
0.000221
0.000228
0.000227
0.000222
0.000222
