0.000125
0.000361
0.000122
0.000122
0.000124
0.000121
0.000122
0.000271
0.000122
0.000275
0.000122
0.000122
0.000121
0.000121
0.000120
0.000124
0.000121
0.000122
0.000123
0.000271
0.000122
0.000124
0.000122
0.000273
0.000122
0.000124
0.000121
0.000121
0.000122
0.000123
0.000122
0.000122
0.000279
0.000125
0.000124
0.000122
0.000123
0.000124
0.000120
0.000122
0.000123
0.000121
0.000122
0.000122
0.000273
0.000271
0.000122
0.000122
0.000121
0.000122
0.000122
0.000122
0.000122
0.000122
0.000122
0.000123
0.000121
0.000126
0.000276
0.000122
0.000122
0.000121
0.000121
0.000121
0.000138
0.000121
0.000123
0.000124
0.000140
0.000123
0.000121
0.000122
0.000124
0.000122
0.000122
0.000123
0.000161
0.000124
0.000123
0.000122
0.000125
0.000123
0.000121
0.000124
0.000121
0.000124
0.000126
0.000139
0.000123
0.000121
0.000125
0.000124
0.000126
0.000408
0.000274
0.000129
0.000122
0.000284
0.000123
0.000123
0.000123
0.000121
0.000120
0.000123
0.000121
0.000121
0.000122
0.000122
0.000127
0.000127
0.000121
0.000124
0.000121
0.000122
0.000123
0.000121
0.000123
0.000122
0.000121
0.000123
0.000122
0.000121
0.000124
0.000131
0.000121
0.000173
0.000271
0.000124
0.000121
0.000121
0.000123
0.000123
0.000122
0.000121
0.000122
0.000122
0.000122
0.000136
0.000126
0.000124
0.000141
0.000122
0.000123
0.000122
0.000123
0.000123
0.000125
0.000125
0.000121
0.000124
0.000124
0.000122
0.000123
0.000121
0.000124
0.000122
0.000124
0.000121
0.000145
0.000126
0.000124
0.000121
0.000122
0.000128
0.000351
0.000123
0.000351
0.000353
0.000121
0.000123
0.000123
0.000121
0.000123
0.000122
0.000121
0.000123
0.000123
0.000124
0.000123
0.000123
0.000312
0.000395
0.000122
0.000122
0.000123
0.000127
0.000123
0.000123
0.000121
0.000121
0.000122
0.000124
0.000121
0.000124
0.000122
0.000121
0.000282
0.000268
0.000121
0.000123
0.000120
0.000124
0.000163
0.000137
0.000349
0.000123
0.000123
0.000122
0.000122
0.000124
0.000123
0.000122
0.000126
0.000126
0.000128
0.000348
0.000122
0.000121
0.000122
0.000121
0.000123
0.000121
0.000272
0.000121
0.000124
0.000123
0.000121
0.000124
0.000274
0.000122
0.000120
0.000121
0.000122
0.000125
0.000122
0.000125
0.000121
0.000124
0.000122
0.000122
0.000124
0.000124
0.000127
0.000124
0.000121
0.000314
0.000124
0.000177
0.000125
0.000121
0.000123
0.000121
0.000121
0.000124
0.000122
0.000121
0.000122
0.000121
0.000121
0.000123
0.000124
0.000121
0.000124
0.000132
0.000288
0.000123
0.000124
0.000122
0.000122
0.000123
0.000122
0.000122
0.000122
0.000265
0.000276
0.000121
0.000122
0.000123
0.000144
0.000121
0.000126
0.000125
0.000122
0.000123
0.000273
0.000124
0.000166
0.000386
0.000133
0.000121
0.000123
0.000127
0.000271
0.000138
0.000286
0.000121
0.000145
0.000122
0.000124
0.000121
0.000122
0.000121
0.000123
0.000122
0.000125
0.000124
0.000177
0.000121
0.000124
0.000121
0.000122
0.000121
0.000127
0.000273
0.000124
0.000123
0.000120
0.000123
0.000121
0.000122
0.000121
0.000123
0.000121
0.000145
0.000124
0.000123
0.000123
0.000123
0.000121
0.000122
0.000123
0.000123
0.000123
0.000124
0.000121
0.000123
0.000122
0.000122
0.000122
0.000122
0.000121
0.000121
0.000122
0.000123
0.000123
0.000121
0.000124
0.000120
0.000120
0.000124
0.000123
0.000122
0.000120
0.000125
0.000125
0.000124
0.000121
0.000124
0.000125
0.000124
0.000124
0.000124
0.000122
0.000121
0.000123
0.000122
0.000128
0.000128
0.000123
0.000122
0.000122
0.000123
0.000122
0.000122
0.000279
0.000352
0.000123
0.000127
0.000127
0.000144
0.000121
0.000125
0.000124
0.000127
0.000123
0.000124
0.000121
0.000123
0.000125
0.000123
0.000123
0.000122
0.000122
0.000122
0.000123
0.000121
0.000122
0.000121
0.000122
0.000121
0.000124
0.000135
0.000122
0.000123
0.000124
0.000125
0.000123
0.000128
0.000123
0.000121
0.000121
0.000122
0.000122
0.000123
0.000125
0.000126
0.000122
0.000127
0.000126
0.000121
0.000125
0.000123
0.000273
0.000312
0.000121
0.000198
0.000123
0.000122
0.000120
0.000122
0.000122
0.000122
0.000124
0.000122
0.000123
0.000121
0.000437
0.000356
0.000124
0.000125
0.000126
0.000123
0.000123
0.000123
0.000124
0.000123
0.000122
0.000122
0.000122
0.000124
0.000268
0.000325
0.000127
0.000126
0.000123
0.000125
0.000121
0.000121
0.000121
0.000121
0.000122
0.000122
0.000121
0.000121
0.000122
0.000122
0.000122
0.000121
0.000123
0.000125
0.000123
0.000122
0.000122
0.000123
0.000122
0.000123
0.000123
0.000125
0.000122
0.000122
0.000125
0.000121
0.000121
0.000124
0.000176
0.000123
0.000123
0.000122
0.000202
0.000124
0.000122
0.000122
0.000273
0.000121
0.000125
0.000124
0.000122
0.000122
0.000272
0.000141
0.000127
0.000125
0.000125
0.000124
0.000123
0.000121
0.000121
0.000121
0.000120
0.000123
0.000122
0.000122
0.000122
0.000123
0.000122
0.000125
0.000124
0.000122
0.000122
0.000121
0.000141
0.000167
0.000174
0.000147
0.000135
0.000126
0.000121
0.000272
0.000122
0.000122
0.000125
0.000122
0.000121
0.000313
0.000122
0.000123
0.000277
0.000125
0.000123
0.000121
0.000122
0.000123
0.000122
0.000123
0.000121
0.000121
0.000122
0.000122
0.000121
0.000121
0.000122
0.000125
0.000126
0.000123
0.000132
0.000126
0.000124
0.000124
0.000121
0.000122
0.000122
0.000121
0.000124
0.000275
0.000124
0.000122
0.000121
0.000121
0.000124
0.000124
0.000123
0.000121
0.000122
0.000126
0.000123
0.000126
0.000125
0.000275
0.000271
0.000278
0.000121
0.000124
0.000121
0.000124
0.000122
0.000124
0.000121
0.000144
0.000273
0.000126
0.000122
0.000121
0.000123
0.000123
0.000122
0.000122
0.000121
0.000124
0.000122
0.000121
0.000122
0.000274
0.000254
0.000128
0.000132
0.000125
0.000147
0.000121
0.000122
0.000121
0.000121
0.000124
0.000121
0.000122
0.000123
0.000121
0.000121
0.000121
0.000127
0.000122
0.000123
0.000123
0.000156
0.000274
0.000136
0.000126
0.000141
0.000128
0.000150
0.000127
0.000126
0.000122
0.000122
0.000122
0.000120
0.000121
0.000122
0.000122
0.000120
0.000121
0.000273
0.000295
0.000271
0.000123
0.000120
0.000124
0.000124
0.000125
0.000126
0.000122
0.000125
0.000125
0.000121
0.000124
0.000122
0.000123
0.000121
0.000279
0.000269
0.000121
0.000124
0.000123
0.000123
0.000120
0.000122
0.000144
0.000121
0.000123
0.000123
0.000146
0.000121
0.000140
0.000121
0.000165
0.000122
0.000128
0.000147
0.000122
0.000121
0.000122
0.000142
0.000122
0.000123
0.000122
0.000122
0.000120
0.000121
0.000122
0.000122
0.000123
0.000121
0.000121
0.000121
0.000123
0.000122
0.000122
0.000120
0.000123
0.000121
0.000123
0.000124
0.000125
0.000123
0.000126
0.000122
0.000123
0.000125
0.000123
0.000121
0.000197
0.000125
0.000122
0.000122
0.000126
0.000122
0.000122
0.000122
0.000121
0.000125
0.000122
0.000127
0.000138
0.000121
0.000122
0.000123
0.000167
0.000122
0.000123
0.000121
0.000121
0.000123
0.000125
0.000123
0.000127
0.000128
0.000127
0.000122
0.000121
0.000121
0.000122
0.000124
0.000121
0.000122
0.000122
0.000123
0.000121
0.000122
0.000124
0.000121
0.000121
0.000122
0.000122
0.000125
0.000124
0.000121
0.000121
0.000123
0.000123
0.000122
0.000121
0.000121
0.000125
0.000121
0.000139
0.000270
0.000124
0.000124
0.000124
0.000124
0.000123
0.000124
0.000122
0.000124
0.000140
0.000121
0.000122
0.000124
0.000141
0.000123
0.000121
0.000121
0.000138
0.000141
0.000120
0.000121
0.000125
0.000122
0.000122
0.000305
0.000271
0.000123
0.000123
0.000125
0.000121
0.000121
0.000123
0.000126
0.000121
0.000122
0.000122
0.000122
0.000124
0.000124
0.000125
0.000124
0.000121
0.000140
0.000121
0.000124
0.000123
0.000121
0.000121
0.000121
0.000122
0.000124
0.000122
0.000121
0.000121
0.000275
0.000123
0.000125
0.000121
0.000121
0.000149
0.000123
0.000150
0.000121
0.000121
0.000123
0.000123
0.000123
0.000124
0.000121
0.000123
0.000124
0.000123
0.000123
0.000121
0.000124
0.000123
0.000124
0.000123
0.000127
0.000123
0.000122
0.000121
0.000122
0.000123
0.000122
0.000125
0.000296
0.000133
0.000122
0.000122
0.000122
0.000132
0.000138
0.000122
0.000121
0.000125
0.000123
0.000122
0.000125
0.000123
0.000121
0.000123
0.000121
0.000122
0.000122
0.000122
0.000122
0.000125
0.000122
0.000124
0.000139
0.000297
0.000125
0.000123
0.000126
0.000124
0.000124
0.000123
0.000122
0.000122
0.000122
0.000123
0.000121
0.000122
0.000122
0.000122
0.000123
0.000135
0.000122
0.000352
0.000128
0.000121
0.000120
0.000125
0.000125
0.000121
0.000121
0.000139
0.000120
0.000122
0.000121
0.000123
0.000125
0.000122
0.000123
0.000126
0.000138
0.000125
0.000141
0.000121
0.000123
0.000121
0.000121
0.000124
0.000121
0.000121
0.000126
0.000121
0.000123
0.000122
0.000121
0.000123
0.000124
0.000122
0.000123
0.000124
0.000122
0.000123
0.000124
0.000317
0.000122
0.000122
0.000353
0.000228
0.000123
0.000122
0.000121
0.000125
0.000122
0.000121
0.000140
0.000273
0.000122
0.000126
0.000121
0.000121
0.000121
0.000121
0.000127
0.000125
0.000122
0.000277
0.000124
0.000392
0.000121
0.000121
0.000121
0.000126
0.000124
0.000121
0.000123
0.000128
0.000122
0.000120
0.000122
0.000121
0.000121
0.000125
0.000128
0.000123
0.000122
0.000121
0.000122
0.000121
0.000121
0.000122
0.000121
0.000122
0.000121
0.000123
0.000122
0.000122
0.000122
0.000122
0.000123
0.000126
0.000127
0.000120
0.000126
0.000122
0.000122
0.000121
0.000123
0.000120
0.000121
0.000122
0.000187
0.000125
0.000274
0.000124
0.000340
0.000124
0.000280
0.000157
0.000121
0.000122
0.000167
0.000297
0.000231
0.000124
0.000126
0.000275
0.000218
0.000129
0.000127
0.000128
0.000181
0.000276
0.000123
0.000151
0.000126
0.000127
0.000124
0.000122
0.000124
0.000125
0.000123
0.000280
0.000128
0.000214
0.000282
0.000283
0.000275
0.000273
0.000142
0.000274
0.000123
0.000130
0.000124
0.000272
0.000127
0.000121
0.000125
0.000122
0.000130
0.000274
0.000223
0.000276
0.000125
0.000130
0.000312
0.000127
0.000271
0.000125
0.000128
0.000122
0.000123
0.000123
0.000125
0.000122
0.000292
0.000279
0.000124
0.000274
0.000121
0.000131
0.000133
0.000129
0.000273
0.000350
0.000126
0.000128
0.000125
0.000124
0.000123
0.000124
0.000124
0.000123
0.000238
0.000342
0.000127
0.000128
0.000135
0.000130
0.000126
0.000165
0.000123
0.000351
0.000122
0.000121
0.000122
0.000124
0.000379
0.000207
0.000135
0.000128
0.000123
0.000126
0.000158
0.000123
0.000123
0.000122
0.000124
0.000122
0.000125
0.000125
0.000357
0.000120
0.000275
0.000388
0.000126
0.000124
0.000273
0.000125
0.000123
0.000122
0.000123
0.000126
0.000123
0.000311
0.000125
0.000124
0.000123
0.000276
0.000273
0.000276
0.000122
0.000274
0.000125
0.000273
0.000352
0.000124
0.000122
0.000122
0.000252
0.000126
0.000207
0.000124
0.000126
0.000130
0.000276
0.000323
0.000124
0.000123
0.000124
0.000200
0.000124
0.000357
0.000125
0.000132
0.000274
0.000131
0.000127
0.000126
0.000122
0.000123
0.000122
0.000124
0.000122
0.000218
0.000274
0.000124
0.000124
0.000124
0.000124
0.000126
0.000395
0.000122
0.000125
0.000140
0.000123
0.000122
0.000124
0.000273
0.000122
0.000129
0.000180
0.000124
0.000273
0.000128
0.000145
0.000124
0.000272
0.000146
0.000122
0.000124
0.000124
0.000277
0.000387
0.000123
0.000124
0.000376
0.000126
0.000300
0.000124
0.000274
0.000124
0.000276
0.000397
0.000122
0.000124
0.000122
0.000122
0.000227
0.000273
0.000126
0.000122
0.000126
0.000125
0.000262
0.000275
0.000123
0.000123
0.000273
0.000126
0.000123
0.000122
0.000274
0.000272
0.000127
0.000126
0.000140
0.000274
0.000142
0.000355
0.000123
0.000122
0.000123
0.000122
0.000122
0.000123
0.000283
0.000130
0.000128
0.000213
0.000124
0.000352
0.000346
0.000122
0.000127
0.000123
0.000124
0.000269
0.000126
0.000273
0.000126
0.000332
0.000229
0.000275
0.000121
0.000193
0.000124
0.000349
0.000356
0.000124
0.000123
0.000125
0.000135
0.000121
0.000301
0.000127
0.000135
0.000126
0.000142
0.000279
0.000122
0.000123
0.000128
0.000274
0.000271
0.000272
0.000143
0.000278
0.000133
0.000123
0.000124
0.000123
0.000121
0.000123
0.000122
0.000123
0.000122
0.000122
0.000122
0.000123
0.000131
0.000278
0.000159
0.000123
0.000123
0.000122
0.000278
0.000125
0.000122
0.000122
0.000123
0.000351
0.000343
0.000158
0.000202
0.000272
0.000125
0.000127
0.000194
0.000272
0.000124
0.000123
0.000278
0.000121
0.000175
0.000231
0.000273
0.000124
0.000122
0.000121
0.000129
0.000122
0.000123
0.000352
0.000122
0.000121
0.000251
0.000127
0.000125
0.000272
0.000179
0.000126
0.000131
0.000125
0.000126
0.000123
0.000124
0.000150
0.000127
0.000340
0.000131
0.000121
0.000121
0.000124
0.000123
0.000123
0.000123
0.000122
0.000122
0.000124
0.000276
0.000123
0.000244
0.000212
0.000271
0.000130
0.000141
0.000121
0.000124
0.000121
0.000276
0.000275
0.000122
0.000200
0.000128
0.000273
0.000122
0.000123
0.000122
0.000124
0.000271
0.000354
0.000180
0.000122
0.000123
0.000327
0.000124
0.000127
0.000125
0.000139
0.000124
0.000123
0.000274
0.000272
0.000123
0.000129
0.000123
0.000330
0.000130
0.000274
0.000122
0.000127
0.000124
0.000124
0.000255
0.000278
0.000122
0.000127
0.000121
0.000125
0.000122
0.000123
0.000150
0.000129
0.000121
0.000122
0.000307
0.000126
0.000272
0.000197
0.000276
0.000124
0.000120
0.000123
0.000126
0.000288
0.000123
0.000121
0.000316
0.000212
0.000311
0.000124
0.000125
0.000140
0.000122
0.000121
0.000122
0.000126
0.000274
0.000124
0.000127
0.000123
0.000124
0.000126
0.000196
0.000334
0.000125
0.000352
0.000352
0.000122
0.000122
0.000273
0.000239
0.000127
0.000123
0.000177
0.000271
0.000351
0.000123
0.000137
0.000127
0.000124
0.000273
0.000125
0.000133
0.000278
0.000209
0.000274
0.000123
0.000124
0.000274
0.000126
0.000123
0.000123
0.000121
0.000124
0.000121
0.000122
0.000126
0.000142
0.000275
0.000127
0.000234
0.000273
0.000123
0.000358
0.000123
0.000151
0.000125
0.000329
0.000123
0.000126
0.000126
0.000128
0.000122
0.000125
0.000123
0.000122
0.000125
0.000125
0.000125
0.000122
0.000350
0.000126
0.000124
0.000356
0.000349
0.000125
0.000125
0.000121
0.000359
0.000301
0.000122
0.000126
0.000123
0.000121
0.000142
0.000121
0.000125
0.000123
0.000121
0.000121
0.000123
0.000276
0.000135
0.000125
0.000273
0.000126
0.000127
0.000127
0.000126
0.000129
0.000125
0.000349
0.000120
0.000124
0.000272
0.000244
0.000135
0.000124
0.000124
0.000123
0.000272
0.000164
0.000128
0.000129
0.000123
0.000121
0.000122
0.000123
0.000127
0.000215
0.000124
0.000123
0.000128
0.000309
0.000142
0.000216
0.000123
0.000127
0.000259
0.000267
0.000128
0.000123
0.000333
0.000121
0.000122
0.000123
0.000212
0.000219
0.000289
0.000128
0.000126
0.000242
0.000124
0.000126
0.000123
0.000142
0.000125
0.000123
0.000121
0.000124
0.000274
0.000274
0.000125
0.000126
0.000120
0.000277
0.000127
0.000125
0.000124
0.000272
0.000130
0.000300
0.000124
0.000127
0.000125
0.000126
0.000123
0.000275
0.000354
0.000170
0.000126
0.000125
0.000122
0.000125
0.000352
0.000125
0.000189
0.000181
0.000287
0.000167
0.000124
0.000121
0.000122
0.000292
0.000335
0.000123
0.000122
0.000344
0.000352
0.000290
0.000273
0.000126
0.000127
0.000121
0.000124
0.000277
0.000270
0.000210
0.000124
0.000123
0.000123
0.000121
0.000123
0.000375
0.000130
0.000125
0.000122
0.000272
0.000123
0.000125
0.000299
0.000349
0.000124
0.000278
0.000135
0.000280
0.000126
0.000122
0.000141
0.000272
0.000123
0.000125
0.000122
0.000142
0.000273
0.000126
0.000128
0.000371
0.000123
0.000127
0.000127
0.000153
0.000123
0.000122
0.000124
0.000145
0.000123
0.000279
0.000123
0.000125
0.000277
0.000253
0.000212
0.000124
0.000128
0.000128
0.000171
0.000308
0.000124
0.000129
0.000123
0.000123
0.000125
0.000225
0.000124
0.000126
0.000125
0.000279
0.000127
0.000125
0.000271
0.000139
0.000301
0.000122
0.000122
0.000125
0.000124
0.000272
0.000186
0.000274
0.000123
0.000127
0.000274
0.000124
0.000125
0.000295
0.000274
0.000170
0.000123
0.000120
0.000122
0.000276
0.000130
0.000126
0.000219
0.000325
0.000125
0.000125
0.000124
0.000123
0.000130
0.000123
0.000268
0.000278
0.000273
0.000126
0.000347
0.000125
0.000124
0.000128
0.000273
0.000126
0.000125
0.000121
0.000124
0.000123
0.000282
0.000126
0.000125
0.000123
0.000126
0.000347
0.000126
0.000188
0.000124
0.000121
0.000122
0.000123
0.000274
0.000122
0.000126
0.000143
0.000125
0.000124
0.000125
0.000125
0.000123
0.000121
0.000123
0.000122
0.000122
0.000276
0.000125
0.000124
0.000273
0.000125
0.000275
0.000122
0.000128
0.000124
0.000199
0.000125
0.000124
0.000125
0.000123
0.000158
0.000139
0.000127
0.000142
0.000122
0.000128
0.000123
0.000214
0.000144
0.000126
0.000129
0.000271
0.000124
0.000128
0.000276
0.000140
0.000273
0.000360
0.000128
0.000124
0.000121
0.000121
0.000122
0.000277
0.000222
0.000156
0.000126
0.000124
0.000124
0.000120
0.000122
0.000124
0.000124
0.000245
0.000127
0.000124
0.000300
0.000127
0.000123
0.000126
0.000274
0.000122
0.000123
0.000122
0.000123
0.000122
0.000123
0.000125
0.000125
0.000122
0.000125
0.000358
0.000124
0.000142
0.000123
0.000123
0.000122
0.000122
0.000230
0.000272
0.000124
0.000205
0.000126
0.000127
0.000125
0.000127
0.000125
0.000123
0.000123
0.000122
0.000124
0.000122
0.000353
0.000274
0.000125
0.000257
0.000123
0.000136
0.000137
0.000125
0.000140
0.000230
0.000122
0.000126
0.000122
0.000139
0.000156
0.000126
0.000124
0.000125
0.000124
0.000125
0.000125
0.000273
0.000160
0.000124
0.000125
0.000122
0.000122
0.000125
0.000129
0.000129
0.000126
0.000123
0.000150
0.000123
0.000122
0.000278
0.000352
0.000177
0.000275
0.000361
0.000124
0.000130
0.000145
0.000123
0.000126
0.000147
0.000123
0.000128
0.000271
0.000135
0.000132
0.000124
0.000126
0.000122
0.000144
0.000274
0.000123
0.000356
0.000124
0.000125
0.000121
0.000312
0.000127
0.000309
0.000126
0.000123
0.000122
0.000195
0.000272
0.000127
0.000124
0.000125
0.000279
0.000151
0.000126
0.000124
0.000159
0.000177
0.000128
0.000132
0.000135
0.000129
0.000125
0.000284
0.000124
0.000128
0.000125
0.000125
0.000124
0.000124
0.000126
0.000126
0.000142
0.000127
0.000126
0.000125
0.000126
0.000126
0.000125
0.000127
0.000127
0.000124
0.000124
0.000125
0.000125
0.000124
0.000124
0.000125
0.000126
0.000126
0.000130
0.000125
0.000125
0.000126
0.000125
0.000127
0.000126
0.000129
0.000128
0.000125
0.000126
0.000125
0.000125
0.000125
0.000126
0.000125
0.000125
0.000131
0.000125
0.000123
0.000127
0.000126
0.000127
0.000125
0.000129
0.000125
0.000126
0.000279
0.000168
0.000125
0.000130
0.000128
0.000125
0.000124
0.000125
0.000129
0.000285
0.000126
0.000126
0.000129
0.000129
0.000128
0.000274
0.000130
0.000129
0.000130
0.000126
0.000126
0.000129
0.000126
0.000127
0.000128
