0.000151
0.000163
0.000340
0.000263
0.000339
0.000150
0.000152
0.000152
0.000149
0.000211
0.000337
0.000376
0.000149
0.000152
0.000336
0.000152
0.000151
0.000149
0.000154
0.000149
0.000153
0.000156
0.000150
0.000148
0.000148
0.000149
0.000152
0.000153
0.000152
0.000151
0.000149
0.000176
0.000153
0.000149
0.000341
0.000345
0.000429
0.000167
0.000149
0.000147
0.000148
0.000153
0.000149
0.000150
0.000148
0.000466
0.000434
0.000302
0.000430
0.000438
0.000153
0.000302
0.000148
0.000148
0.000149
0.000148
0.000392
0.000153
0.000149
0.000151
0.000152
0.000150
0.000153
0.000151
0.000148
0.000148
0.000148
0.000148
0.000149
0.000149
0.000148
0.000337
0.000331
0.000167
0.000153
0.000148
0.000149
0.000145
0.000150
0.000151
0.000150
0.000147
0.000148
0.000153
0.000150
0.000149
0.000150
0.000151
0.000152
0.000149
0.000148
0.000149
0.000166
0.000150
0.000149
0.000149
0.000151
0.000149
0.000147
0.000148
0.000147
0.000149
0.000169
0.000151
0.000151
0.000150
0.000169
0.000147
0.000148
0.000149
0.000165
0.000150
0.000152
0.000148
0.000152
0.000150
0.000149
0.000149
0.000148
0.000149
0.000151
0.000151
0.000148
0.000150
0.000151
0.000150
0.000150
0.000148
0.000212
0.000151
0.000158
0.000150
0.000316
0.000149
0.000366
0.000151
0.000152
0.000149
0.000148
0.000150
0.000150
0.000151
0.000152
0.000149
0.000148
0.000152
0.000157
0.000145
0.000149
0.000150
0.000332
0.000149
0.000265
0.000290
0.000333
0.000152
0.000150
0.000149
0.000152
0.000151
0.000151
0.000158
0.000152
0.000149
0.000147
0.000152
0.000149
0.000150
0.000153
0.000170
0.000148
0.000148
0.000148
0.000150
0.000187
0.000149
0.000149
0.000150
0.000149
0.000157
0.000149
0.000152
0.000149
0.000148
0.000149
0.000165
0.000154
0.000148
0.000263
0.000149
0.000147
0.000148
0.000152
0.000148
0.000151
0.000147
0.000347
0.000149
0.000149
0.000146
0.000336
0.000151
0.000150
0.000148
0.000152
0.000148
0.000148
0.000151
0.000151
0.000149
0.000150
0.000149
0.000155
0.000152
0.000147
0.000151
0.000154
0.000150
0.000150
0.000152
0.000149
0.000150
0.000151
0.000153
0.000153
0.000167
0.000149
0.000386
0.000150
0.000160
0.000176
0.000149
0.000151
0.000151
0.000150
0.000150
0.000148
0.000166
0.000153
0.000148
0.000152
0.000338
0.000331
0.000151
0.000151
0.000149
0.000154
0.000149
0.000152
0.000152
0.000147
0.000150
0.000150
0.000148
0.000151
0.000153
0.000151
0.000148
0.000191
0.000149
0.000152
0.000151
0.000149
0.000158
0.000348
0.000150
0.000146
0.000149
0.000152
0.000149
0.000148
0.000151
0.000152
0.000149
0.000151
0.000151
0.000156
0.000150
0.000425
0.000149
0.000161
0.000238
0.000331
0.000149
0.000153
0.000149
0.000148
0.000149
0.000164
0.000152
0.000150
0.000146
0.000151
0.000149
0.000150
0.000146
0.000153
0.000149
0.000151
0.000153
0.000149
0.000151
0.000372
0.000151
0.000148
0.000149
0.000165
0.000150
0.000150
0.000146
0.000153
0.000152
0.000152
0.000151
0.000148
0.000360
0.000153
0.000148
0.000152
0.000151
0.000150
0.000150
0.000149
0.000151
0.000149
0.000148
0.000151
0.000154
0.000150
0.000149
0.000149
0.000150
0.000149
0.000169
0.000148
0.000148
0.000148
0.000150
0.000151
0.000151
0.000150
0.000150
0.000149
0.000149
0.000154
0.000147
0.000149
0.000151
0.000166
0.000151
0.000167
0.000148
0.000148
0.000148
0.000147
0.000148
0.000148
0.000149
0.000151
0.000153
0.000148
0.000148
0.000148
0.000150
0.000148
0.000151
0.000151
0.000152
0.000152
0.000149
0.000149
0.000158
0.000152
0.000148
0.000149
0.000151
0.000151
0.000151
0.000149
0.000148
0.000151
0.000150
0.000147
0.000147
0.000338
0.000330
0.000151
0.000178
0.000333
0.000432
0.000149
0.000149
0.000148
0.000157
0.000152
0.000149
0.000151
0.000335
0.000152
0.000148
0.000146
0.000351
0.000150
0.000149
0.000151
0.000149
0.000148
0.000150
0.000148
0.000168
0.000434
0.000215
0.000154
0.000166
0.000148
0.000149
0.000149
0.000151
0.000149
0.000153
0.000148
0.000152
0.000149
0.000149
0.000149
0.000151
0.000153
0.000153
0.000172
0.000165
0.000148
0.000149
0.000154
0.000150
0.000152
0.000166
0.000151
0.000149
0.000151
0.000149
0.000153
0.000150
0.000152
0.000149
0.000152
0.000148
0.000149
0.000153
0.000149
0.000149
0.000150
0.000151
0.000152
0.000151
0.000158
0.000151
0.000149
0.000148
0.000148
0.000149
0.000148
0.000152
0.000151
0.000151
0.000152
0.000153
0.000166
0.000151
0.000153
0.000148
0.000169
0.000149
0.000155
0.000166
0.000373
0.000335
0.000151
0.000149
0.000148
0.000152
0.000151
0.000149
0.000152
0.000151
0.000150
0.000157
0.000337
0.000331
0.000225
0.000149
0.000147
0.000150
0.000151
0.000167
0.000151
0.000148
0.000150
0.000150
0.000162
0.000149
0.000149
0.000148
0.000148
0.000147
0.000148
0.000151
0.000155
0.000149
0.000149
0.000177
0.000167
0.000148
0.000149
0.000152
0.000149
0.000148
0.000151
0.000149
0.000149
0.000149
0.000148
0.000153
0.000148
0.000148
0.000193
0.000150
0.000150
0.000149
0.000149
0.000149
0.000147
0.000151
0.000147
0.000151
0.000150
0.000150
0.000148
0.000150
0.000147
0.000149
0.000152
0.000155
0.000148
0.000177
0.000153
0.000150
0.000149
0.000332
0.000148
0.000162
0.000148
0.000148
0.000152
0.000150
0.000148
0.000149
0.000149
0.000149
0.000152
0.000151
0.000168
0.000153
0.000154
0.000154
0.000149
0.000151
0.000148
0.000168
0.000149
0.000149
0.000152
0.000149
0.000150
0.000148
0.000152
0.000150
0.000150
0.000344
0.000150
0.000149
0.000151
0.000150
0.000157
0.000151
0.000152
0.000153
0.000150
0.000170
0.000332
0.000149
0.000151
0.000353
0.000149
0.000151
0.000151
0.000149
0.000152
0.000153
0.000151
0.000148
0.000148
0.000167
0.000165
0.000151
0.000148
0.000148
0.000150
0.000165
0.000149
0.000152
0.000152
0.000150
0.000148
0.000152
0.000153
0.000156
0.000147
0.000147
0.000151
0.000148
0.000151
0.000151
0.000148
0.000147
0.000149
0.000159
0.000149
0.000156
0.000162
0.000149
0.000148
0.000148
0.000152
0.000152
0.000148
0.000154
0.000150
0.000156
0.000151
0.000169
0.000152
0.000148
0.000151
0.000149
0.000177
0.000154
0.000150
0.000149
0.000362
0.000501
0.000148
0.000148
0.000152
0.000152
0.000151
0.000152
0.000154
0.000334
0.000156
0.000149
0.000412
0.000158
0.000151
0.000148
0.000167
0.000151
0.000151
0.000149
0.000149
0.000148
0.000368
0.000148
0.000149
0.000150
0.000150
0.000149
0.000153
0.000148
0.000149
0.000151
0.000150
0.000152
0.000149
0.000152
0.000148
0.000149
0.000156
0.000156
0.000152
0.000148
0.000170
0.000151
0.000373
0.000167
0.000150
0.000149
0.000151
0.000148
0.000152
0.000151
0.000149
0.000150
0.000150
0.000151
0.000163
0.000151
0.000148
0.000153
0.000179
0.000151
0.000150
0.000148
0.000148
0.000152
0.000149
0.000148
0.000151
0.000149
0.000149
0.000152
0.000149
0.000148
0.000147
0.000150
0.000148
0.000153
0.000149
0.000154
0.000149
0.000169
0.000147
0.000152
0.000146
0.000153
0.000152
0.000148
0.000149
0.000148
0.000167
0.000149
0.000148
0.000151
0.000150
0.000151
0.000148
0.000332
0.000336
0.000153
0.000152
0.000147
0.000331
0.000150
0.000148
0.000150
0.000147
0.000150
0.000170
0.000151
0.000149
0.000155
0.000148
0.000150
0.000151
0.000149
0.000149
0.000149
0.000149
0.000148
0.000151
0.000148
0.000153
0.000153
0.000340
0.000338
0.000167
0.000149
0.000154
0.000149
0.000149
0.000148
0.000148
0.000339
0.000360
0.000149
0.000149
0.000148
0.000149
0.000148
0.000152
0.000157
0.000151
0.000151
0.000279
0.000331
0.000149
0.000150
0.000145
0.000148
0.000149
0.000152
0.000149
0.000148
0.000149
0.000149
0.000151
0.000148
0.000148
0.000148
0.000149
0.000151
0.000154
0.000152
0.000152
0.000151
0.000197
0.000150
0.000149
0.000149
0.000151
0.000152
0.000152
0.000152
0.000153
0.000151
0.000149
0.000152
0.000150
0.000148
0.000152
0.000150
0.000156
0.000165
0.000149
0.000151
0.000148
0.000151
0.000149
0.000153
0.000165
0.000170
0.000152
0.000149
0.000272
0.000333
0.000153
0.000152
0.000154
0.000148
0.000150
0.000152
0.000152
0.000152
0.000150
0.000168
0.000149
0.000150
0.000163
0.000152
0.000151
0.000148
0.000148
0.000148
0.000150
0.000153
0.000152
0.000148
0.000147
0.000149
0.000437
0.000150
0.000151
0.000335
0.000149
0.000149
0.000147
0.000151
0.000147
0.000151
0.000148
0.000149
0.000166
0.000150
0.000152
0.000329
0.000149
0.000257
0.000340
0.000148
0.000150
0.000151
0.000334
0.000149
0.000147
0.000150
0.000153
0.000172
0.000150
0.000149
0.000155
0.000149
0.000357
0.000151
0.000151
0.000148
0.000152
0.000168
0.000152
0.000152
0.000149
0.000504
0.000475
0.000150
0.000150
0.000168
0.000149
0.000148
0.000152
0.000148
0.000149
0.000150
0.000155
0.000179
0.000322
0.000149
0.000153
0.000152
0.000152
0.000391
0.000331
0.000336
0.000149
0.000148
0.000170
0.000147
0.000153
0.000150
0.000163
0.000153
0.000153
0.000170
0.000153
0.000149
0.000494
0.000337
0.000152
0.000152
0.000373
0.000405
0.000259
0.000335
0.000153
0.000220
0.000332
0.000149
0.000151
0.000150
0.000153
0.000190
0.000150
0.000149
0.000148
0.000149
0.000156
0.000177
0.000152
0.000156
0.000154
0.000150
0.000149
0.000151
0.000149
0.000152
0.000150
0.000149
0.000149
0.000151
0.000148
0.000152
0.000158
0.000150
0.000152
0.000149
0.000157
0.000150
0.000149
0.000149
0.000195
0.000436
0.000154
0.000154
0.000149
0.000149
0.000147
0.000151
0.000151
0.000161
0.000150
0.000150
0.000149
0.000148
0.000273
0.000330
0.000147
0.000148
0.000150
0.000151
0.000152
0.000151
0.000149
0.000151
0.000149
0.000168
0.000148
0.000149
0.000151
0.000165
0.000148
0.000200
0.000428
0.000168
0.000152
0.000148
0.000150
0.000145
0.000148
0.000167
0.000150
0.000150
0.000152
0.000148
0.000152
0.000148
0.000150
0.000171
0.000149
0.000150
0.000198
0.000157
0.000147
0.000149
0.000163
0.000151
0.000148
0.000151
0.000164
0.000150
0.000148
0.000151
0.000148
0.000152
0.000149
0.000152
0.000151
0.000164
0.000154
0.000172
0.000152
0.000148
0.000149
0.000147
0.000151
0.000149
0.000152
0.000167
0.000149
0.000148
0.000148
0.000150
0.000148
0.000149
0.000147
0.000147
0.000550
0.000161
0.000149
0.000174
0.000149
0.000148
0.000149
0.000149
0.000149
0.000152
0.000149
0.000152
0.000151
0.000151
0.000149
0.000150
0.000148
0.000148
0.000171
0.000151
0.000148
0.000151
0.000152
0.000150
0.000152
0.000151
0.000148
0.000149
0.000147
0.000149
0.000151
0.000149
0.000154
0.000151
0.000149
0.000152
0.000148
0.000153
0.000147
0.000148
0.000148
0.000152
0.000148
0.000154
0.000301
0.000150
0.000149
0.000152
0.000148
0.000147
0.000334
0.000162
0.000156
0.000149
0.000149
0.000149
0.000164
0.000152
0.000153
0.000149
0.000166
0.000334
0.000152
0.000153
0.000147
0.000155
0.000154
0.000147
0.000150
0.000150
0.000150
0.000148
0.000150
0.000150
0.000149
0.000148
0.000148
0.000148
0.000150
0.000166
0.000148
0.000156
0.000151
0.000153
0.000149
0.000147
0.000168
0.000151
0.000149
0.000151
0.000151
0.000150
0.000148
0.000148
0.000149
0.000150
0.000152
0.000148
0.000146
0.000148
0.000152
0.000154
0.000148
0.000155
0.000149
0.000151
0.000152
0.000148
0.000150
0.000148
0.000175
0.000152
0.000149
0.000147
0.000150
0.000152
0.000151
0.000151
0.000150
0.000333
0.000340
0.000168
0.000149
0.000151
0.000153
0.000151
0.000148
0.000152
0.000149
0.000153
0.000152
0.000426
0.000151
0.000151
0.000154
0.000366
0.000166
0.000151
0.000148
0.000343
0.000148
0.000148
0.000151
0.000148
0.000148
0.000152
0.000172
0.000168
0.000151
0.000147
0.000331
0.000149
0.000151
0.000151
0.000151
0.000150
0.000151
0.000152
0.000157
0.000148
0.000150
0.000339
0.000335
0.000150
0.000146
0.000152
0.000148
0.000153
0.000148
0.000152
0.000152
0.000149
0.000151
0.000152
0.000305
0.000335
0.000152
0.000148
0.000150
0.000397
0.000332
0.000148
0.000150
0.000148
0.000148
0.000151
0.000149
0.000147
0.000202
0.000152
0.000152
0.000376
0.000147
0.000151
0.000147
0.000155
0.000151
0.000149
0.000151
0.000147
0.000148
0.000149
0.000147
0.000288
0.000340
0.000149
0.000151
0.000154
0.000149
0.000148
0.000154
0.000148
0.000359
0.000151
0.000174
0.000165
0.000150
0.000162
0.000342
0.000151
0.000150
0.000166
0.000152
0.000146
0.000148
0.000148
0.000145
0.000148
0.000148
0.000147
0.000151
0.000147
0.000149
0.000166
0.000149
0.000149
0.000150
0.000152
0.000254
0.000339
0.000149
0.000150
0.000149
0.000342
0.000147
0.000152
0.000149
0.000148
0.000149
0.000148
0.000472
0.000146
0.000150
0.000148
0.000148
0.000152
0.000153
0.000148
0.000159
0.000150
0.000150
0.000149
0.000171
0.000344
0.000391
0.000148
0.000149
0.000149
0.000147
0.000148
0.000152
0.000149
0.000148
0.000150
0.000148
0.000153
0.000170
0.000154
0.000150
0.000154
0.000150
0.000149
0.000151
0.000151
0.000148
0.000151
0.000148
0.000152
0.000150
0.000430
0.000149
0.000150
0.000373
0.000154
0.000150
0.000150
0.000361
0.000361
0.000197
0.000151
0.000149
0.000148
0.000148
0.000149
0.000152
0.000183
0.000152
0.000205
0.000153
0.000148
0.000152
0.000149
0.000148
0.000153
0.000165
0.000151
0.000148
0.000225
0.000153
0.000389
0.000332
0.000152
0.000157
0.000166
0.000149
0.000152
0.000153
0.000338
0.000335
0.000155
0.000148
0.000151
0.000149
0.000150
0.000149
0.000152
0.000154
0.000337
0.000152
0.000336
0.000337
0.000340
0.000148
0.000156
0.000367
0.000335
0.000149
0.000148
0.000332
0.000173
0.000150
0.000331
0.000154
0.000335
0.000363
0.000341
0.000149
0.000149
0.000334
0.000150
0.000152
0.000331
0.000353
0.000152
0.000155
0.000371
0.000337
0.000150
0.000150
0.000370
0.000342
0.000338
0.000331
0.000152
0.000170
0.000339
0.000153
0.000328
0.000332
0.000152
0.000248
0.000154
0.000432
0.000150
0.000179
0.000299
0.000152
0.000148
0.000147
0.000148
0.000149
0.000148
0.000152
0.000172
0.000155
0.000148
0.000152
0.000390
0.000428
0.000190
0.000370
0.000335
0.000343
0.000153
0.000155
0.000153
0.000347
0.000152
0.000149
0.000148
0.000150
0.000148
0.000151
0.000150
0.000150
0.000359
0.000151
0.000156
0.000151
0.000149
0.000149
0.000150
0.000149
0.000148
0.000151
0.000149
0.000152
0.000151
0.000156
0.000153
0.000149
0.000148
0.000149
0.000152
0.000168
0.000149
0.000149
0.000264
0.000150
0.000335
0.000156
0.000387
0.000154
0.000342
0.000178
0.000316
0.000333
0.000338
0.000303
0.000334
0.000154
0.000151
0.000150
0.000206
0.000149
0.000292
0.000424
0.000381
0.000432
0.000152
0.000151
0.000334
0.000332
0.000281
0.000153
0.000171
0.000148
0.000150
0.000340
0.000348
0.000439
0.000148
0.000148
0.000148
0.000151
0.000150
0.000150
0.000148
0.000153
0.000155
0.000153
0.000378
0.000338
0.000153
0.000295
0.000149
0.000148
0.000372
0.000150
0.000377
0.000158
0.000155
0.000152
0.000151
0.000150
0.000152
0.000335
0.000150
0.000150
0.000149
0.000150
0.000294
0.000181
0.000397
0.000164
0.000153
0.000342
0.000151
0.000335
0.000366
0.000334
0.000149
0.000432
0.000340
0.000154
0.000174
0.000449
0.000335
0.000323
0.000151
0.000153
0.000150
0.000152
0.000160
0.000170
0.000279
0.000150
0.000540
0.000341
0.000154
0.000154
0.000333
0.000333
0.000149
0.000153
0.000148
0.000153
0.000332
0.000149
0.000151
0.000276
0.000151
0.000152
0.000154
0.000422
0.000320
0.000154
0.000155
0.000154
0.000147
0.000226
0.000343
0.000338
0.000151
0.000151
0.000153
0.000153
0.000148
0.000152
0.000344
0.000151
0.000148
0.000149
0.000150
0.000148
0.000151
0.000342
0.000157
0.000149
0.000153
0.000214
0.000150
0.000149
0.000413
0.000150
0.000149
0.000150
0.000333
0.000335
0.000219
0.000152
0.000332
0.000152
0.000153
0.000152
0.000151
0.000149
0.000150
0.000151
0.000150
0.000148
0.000336
0.000359
0.000149
0.000389
0.000151
0.000386
0.000188
0.000150
0.000297
0.000383
0.000152
0.000156
0.000153
0.000154
0.000378
0.000154
0.000149
0.000148
0.000160
0.000398
0.000338
0.000153
0.000153
0.000153
0.000150
0.000172
0.000331
0.000154
0.000153
0.000149
0.000149
0.000204
0.000341
0.000156
0.000160
0.000149
0.000149
0.000169
0.000148
0.000148
0.000149
0.000150
0.000148
0.000148
0.000168
0.000336
0.000355
0.000153
0.000151
0.000383
0.000161
0.000153
0.000151
0.000151
0.000148
0.000149
0.000150
0.000149
0.000338
0.000155
0.000153
0.000154
0.000153
0.000334
0.000376
0.000151
0.000151
0.000171
0.000150
0.000149
0.000394
0.000154
0.000151
0.000170
0.000149
0.000292
0.000151
0.000152
0.000152
0.000154
0.000167
0.000148
0.000227
0.000152
0.000153
0.000155
0.000192
0.000351
0.000154
0.000427
0.000430
0.000161
0.000150
0.000162
0.000399
0.000153
0.000150
0.000148
0.000380
0.000149
0.000148
0.000163
0.000151
0.000333
0.000157
0.000161
0.000153
0.000152
0.000150
0.000152
0.000148
0.000333
0.000148
0.000148
0.000383
0.000153
0.000155
0.000178
0.000411
0.000346
0.000150
0.000148
0.000149
0.000149
0.000149
0.000150
0.000148
0.000149
0.000153
0.000178
0.000336
0.000156
0.000340
0.000151
0.000156
0.000154
0.000169
0.000152
0.000150
0.000153
0.000349
0.000156
0.000407
0.000149
0.000150
0.000150
0.000150
0.000330
0.000160
0.000154
0.000175
0.000339
0.000154
0.000151
0.000148
0.000168
0.000150
0.000153
0.000150
0.000150
0.000149
0.000151
0.000149
0.000151
0.000337
0.000227
0.000155
0.000151
0.000149
0.000148
0.000148
0.000149
0.000150
0.000149
0.000149
0.000151
0.000152
0.000420
0.000155
0.000152
0.000152
0.000150
0.000150
0.000221
0.000157
0.000206
0.000154
0.000322
0.000334
0.000154
0.000153
0.000169
0.000368
0.000151
0.000148
0.000154
0.000441
0.000332
0.000154
0.000149
0.000149
0.000351
0.000409
0.000336
0.000254
0.000416
0.000334
0.000160
0.000240
0.000149
0.000163
0.000154
0.000154
0.000167
0.000424
0.000155
0.000149
0.000153
0.000148
0.000149
0.000150
0.000150
0.000436
0.000245
0.000163
0.000334
0.000157
0.000148
0.000150
0.000150
0.000149
0.000180
0.000149
0.000293
0.000154
0.000349
0.000250
0.000377
0.000154
0.000153
0.000152
0.000151
0.000154
0.000152
0.000150
0.000332
0.000335
0.000150
0.000154
0.000428
0.000152
0.000286
0.000151
0.000150
0.000148
0.000252
0.000150
0.000332
0.000163
0.000362
0.000343
0.000184
0.000154
0.000340
0.000152
0.000157
0.000437
0.000150
0.000154
0.000149
0.000171
0.000152
0.000153
0.000258
0.000367
0.000151
0.000154
0.000154
0.000339
0.000267
0.000298
0.000152
0.000150
0.000149
0.000155
0.000153
0.000148
0.000170
0.000189
0.000259
0.000157
0.000149
0.000149
0.000150
0.000152
0.000151
0.000151
0.000148
0.000148
0.000150
0.000292
0.000297
0.000149
0.000348
0.000158
0.000154
0.000159
0.000149
0.000151
0.000150
0.000148
0.000149
0.000154
0.000156
0.000155
0.000429
0.000152
0.000169
0.000340
0.000153
0.000171
0.000149
0.000151
0.000149
0.000152
0.000152
0.000153
0.000150
0.000215
0.000151
0.000150
0.000151
0.000148
0.000154
0.000255
0.000153
0.000155
