0.000595
0.000438
0.000444
0.000426
0.000847
0.000533
0.000424
0.000425
0.001012
0.000438
0.000426
0.000428
0.000431
0.000442
0.000427
0.000950
0.000425
0.000431
0.000426
0.000484
0.000427
0.000432
0.000439
0.000422
0.000423
0.000516
0.000428
0.000803
0.000490
0.000426
0.001012
0.000437
0.000443
0.000424
0.000452
0.000433
0.001134
0.000438
0.000418
0.000531
0.000430
0.001053
0.000625
0.000959
0.000423
0.000429
0.000434
0.000433
0.000425
0.000435
0.000490
0.000432
0.000424
0.000435
0.000423
0.000424
0.000849
0.000460
0.000435
0.000900
0.000870
0.000428
0.000481
0.000425
0.000421
0.000435
0.001037
0.000558
0.001079
0.000424
0.000432
0.000613
0.000636
0.001181
0.000420
0.000438
0.000457
0.000776
0.000429
0.000507
0.000436
0.000450
0.000425
0.000450
0.000440
0.001057
0.000441
0.000641
0.000432
0.000425
0.000768
0.000506
0.001129
0.000456
0.000431
0.000464
0.000837
0.000442
0.000513
0.000442
0.000428
0.000437
0.000804
0.000518
0.000618
0.000456
0.000421
0.000434
0.000870
0.000425
0.000658
0.000426
0.000432
0.000748
0.000482
0.000424
0.000439
0.000443
0.001091
0.000484
0.000429
0.000424
0.000606
0.000512
0.001480
0.000495
0.000894
0.000424
0.000477
0.000448
0.000457
0.000437
0.000425
0.000871
0.000423
0.000428
0.000475
0.001117
0.000425
0.000433
0.000521
0.000433
0.000439
0.000427
0.000426
0.001090
0.000605
0.000732
0.000425
0.000423
0.000429
0.000429
0.000643
0.000675
0.000435
0.000424
0.000425
0.000431
0.000433
0.000440
0.000426
0.000916
0.000424
0.000490
0.000425
0.000430
0.000443
0.000420
0.000423
0.000425
0.000423
0.000424
0.000437
0.000432
0.000436
0.000445
0.000867
0.000771
0.000421
0.000424
0.000431
0.000448
0.000422
0.001114
0.000422
0.000787
0.000444
0.000822
0.000949
0.000438
0.000780
0.000486
0.000425
0.000435
0.000432
0.000440
0.000424
0.000439
0.000521
0.000949
0.000881
0.000435
0.000445
0.000475
0.000431
0.000423
0.000421
0.000432
0.000426
0.000442
0.000425
0.000436
0.000426
0.000436
0.000436
0.000426
0.000422
0.000420
0.000429
0.000424
0.000434
0.000474
0.000482
0.000456
0.000665
0.000461
0.000421
0.000427
0.000455
0.000423
0.000428
0.000438
0.000428
0.000445
0.000430
0.000882
0.000427
0.000435
0.000969
0.000889
0.001246
0.000422
0.000443
0.000425
0.001042
0.000441
0.000441
0.000442
0.000434
0.000656
0.000443
0.000422
0.000419
0.000436
0.000424
0.000442
0.000427
0.000424
0.000422
0.000426
0.000426
0.000955
0.001251
0.000437
0.000450
0.000421
0.000435
0.000431
0.000931
0.000425
0.000427
0.001174
0.000425
0.000443
0.000953
0.000420
0.000582
0.000448
0.000425
0.000767
0.000775
0.000446
0.000442
0.001218
0.000428
0.000421
0.000598
0.000438
0.000431
0.000597
0.000426
0.000460
0.000436
0.001078
0.000434
0.000428
0.000427
0.000464
0.000428
0.000437
0.000467
0.000496
0.000452
0.001138
0.000727
0.000422
0.000426
0.000801
0.000554
0.000431
0.000423
0.000707
0.000439
0.000689
0.000426
0.000435
0.000423
0.000427
0.000437
0.000963
0.000846
0.000433
0.000616
0.000422
0.000423
0.000849
0.000437
0.000624
0.001001
0.000433
0.000894
0.000424
0.000427
0.000733
0.000594
0.000429
0.000825
0.000433
0.000734
0.000433
0.001082
0.000430
0.000930
0.000889
0.000975
0.000440
0.000570
0.000551
0.000420
0.001032
0.000867
0.000755
0.000937
0.000436
0.000815
0.000426
0.000425
0.001027
0.000633
0.000438
0.001261
0.000431
0.000804
0.000425
0.000439
0.000927
0.000424
0.000442
0.001191
0.000423
0.000561
0.000426
0.000430
0.000428
0.001185
0.000424
0.000603
0.000465
0.001029
0.000425
0.000555
0.000440
0.000429
0.000428
0.000668
0.000426
0.000427
0.000848
0.000425
0.000445
0.000433
0.000428
0.000685
0.000457
0.000425
0.000419
0.000425
0.000425
0.000457
0.000443
0.000451
0.000467
0.000424
0.000428
0.000429
0.000451
0.000435
0.000767
0.000448
0.000464
0.000427
0.000431
0.000427
0.000425
0.000843
0.000433
0.000431
0.000429
0.000636
0.000573
0.000424
0.000426
0.000428
0.000423
0.000426
0.000422
0.000425
0.001114
0.000514
0.001125
0.000440
0.000428
0.000424
0.000875
0.001170
0.000431
0.000428
0.000579
0.000450
0.000428
0.000433
0.000819
0.000427
0.000426
0.000446
0.000434
0.000445
0.000452
0.000425
0.000437
0.000822
0.000638
0.000983
0.000451
0.000644
0.001150
0.000438
0.000424
0.000445
0.000439
0.000424
0.000423
0.000463
0.000885
0.000434
0.000936
0.000659
0.000506
0.001001
0.000427
0.000432
0.000439
0.000439
0.000731
0.000430
0.000428
0.000427
0.000421
0.000431
0.000426
0.000432
0.000443
0.000963
0.000424
0.000518
0.000642
0.000524
0.000462
0.000777
0.000500
0.000456
0.000431
0.000425
0.000437
0.000473
0.000476
0.000653
0.000641
0.000946
0.000426
0.000438
0.000425
0.000447
0.000425
0.000479
0.000427
0.000439
0.000427
0.000427
0.000790
0.000519
0.000434
0.000424
0.000435
0.000521
0.000427
0.000438
0.000436
0.000434
0.000435
0.000432
0.000422
0.000426
0.000429
0.000821
0.000424
0.000429
0.000432
0.000427
0.000450
0.000430
0.000717
0.000545
0.000423
0.000425
0.001174
0.000531
0.000425
0.000432
0.000929
0.000447
0.000428
0.000599
0.000426
0.000439
0.000426
0.000435
0.000424
0.000422
0.000430
0.000706
0.000674
0.000576
0.000431
0.000428
0.000441
0.001050
0.000425
0.000443
0.000427
0.000451
0.000448
0.000864
0.000444
0.000435
0.000427
0.000440
0.000440
0.000436
0.000425
0.000467
0.000450
0.000425
0.000664
0.000430
0.000449
0.000423
0.000426
0.000424
0.000426
0.000492
0.000424
0.000423
0.000682
0.000516
0.001160
0.000450
0.000921
0.000590
0.000425
0.000440
0.000429
0.000426
0.000440
0.000459
0.000763
0.000445
0.000425
0.000454
0.000424
0.000423
0.000436
0.000427
0.000423
0.000426
0.000428
0.000424
0.000436
0.000424
0.000432
0.000427
0.000424
0.000436
0.000426
0.000425
0.000428
0.000438
0.000505
0.000431
0.000422
0.000443
0.000424
0.000424
0.000461
0.000428
0.000426
0.000487
0.000427
0.000443
0.000433
0.000480
0.000421
0.000446
0.000450
0.001258
0.000424
0.000443
0.000426
0.000426
0.000957
0.000820
0.000476
0.000484
0.000424
0.000855
0.000722
0.000457
0.000426
0.000793
0.000480
0.000525
0.000451
0.000522
0.000439
0.000693
0.000429
0.000516
0.000447
0.000422
0.000440
0.000488
0.000446
0.000436
0.000440
0.000478
0.000425
0.000423
0.000423
0.000427
0.000790
0.000425
0.000430
0.000424
0.000442
0.000425
0.000436
0.000445
0.000523
0.000444
0.000960
0.000431
0.000435
0.000910
0.000431
0.000458
0.000763
0.001123
0.000817
0.000925
0.000437
0.000449
0.000423
0.000452
0.000427
0.000784
0.000629
0.001106
0.000424
0.000829
0.000976
0.000546
0.000437
0.000727
0.000457
0.000748
0.000424
0.000734
0.000426
0.000866
0.000789
0.001163
0.000423
0.000847
0.000424
0.000813
0.001217
0.000427
0.000751
0.000458
0.000426
0.000420
0.000444
0.000434
0.000444
0.000515
0.000423
0.000434
0.000440
0.000437
0.000444
0.000424
0.000426
0.000419
0.000427
0.000492
0.001084
0.000431
0.000476
0.000819
0.000481
0.000427
0.000436
0.000441
0.000639
0.000523
0.000932
0.000491
0.000829
0.000698
0.001223
0.000463
0.000794
0.000734
0.000432
0.000425
0.000436
0.000672
0.000764
0.000426
0.000669
0.000518
0.000426
0.000431
0.000423
0.000424
0.000423
0.000423
0.000421
0.000432
0.000419
0.000626
0.000472
0.001071
0.000952
0.000432
0.000426
0.000889
0.000452
0.000704
0.000474
0.001532
0.000431
0.000503
0.000440
0.000957
0.000851
0.000952
0.000423
0.000777
0.000422
0.000443
0.000426
0.000433
0.000437
0.000643
0.000522
0.000427
0.000422
0.000861
0.000579
0.000421
0.000432
0.000446
0.000536
0.000447
0.000427
0.000467
0.000421
0.000842
0.000423
0.000436
0.000431
0.000426
0.000608
0.000459
0.000427
0.000437
0.000459
0.000680
0.000680
0.000440
0.000460
0.000785
0.000957
0.000450
0.000430
0.000430
0.000859
0.000631
0.000435
0.000448
0.000424
0.000426
0.000423
0.000532
0.000653
0.000959
0.000425
0.000720
0.000892
0.000426
0.000730
0.000426
0.000843
0.000424
0.000445
0.000437
0.000430
0.000457
0.000422
0.000425
0.000498
0.000425
0.000427
0.000443
0.000473
0.000458
0.000421
0.000426
0.000940
0.000424
0.000572
0.000880
0.000980
0.000428
0.000423
0.000424
0.000434
0.000685
0.000426
0.000698
0.000433
0.000425
0.000458
0.000428
0.000426
0.000433
0.000422
0.000425
0.000424
0.000444
0.000825
0.001043
0.000479
0.001241
0.000424
0.000425
0.000430
0.000421
0.000443
0.000562
0.000798
0.000438
0.000449
0.000423
0.000592
0.000435
0.000438
0.000429
0.000599
0.000730
0.001140
0.000428
0.000423
0.000437
0.000425
0.000959
0.000427
0.000571
0.000445
0.000435
0.000983
0.000687
0.000578
0.000451
0.000556
0.000456
0.000429
0.000423
0.000431
0.001007
0.000482
0.000965
0.001225
0.000793
0.000468
0.000424
0.000437
0.000553
0.000529
0.000443
0.000621
0.000437
0.000420
0.000808
0.000840
0.000427
0.000434
0.000437
0.000933
0.000425
0.000424
0.000805
0.001252
0.000577
0.000430
0.000977
0.000457
0.000485
0.000447
0.000462
0.000456
0.000426
0.000427
0.000830
0.000479
0.000443
0.000428
0.001205
0.000970
0.000433
0.000435
0.000426
0.000531
0.000949
0.000467
0.000433
0.000420
0.000444
0.000437
0.000424
0.000517
0.000851
0.000434
0.000431
0.000490
0.000425
0.000819
0.000533
0.001160
0.000427
0.000730
0.000520
0.001064
0.000430
0.000439
0.000430
0.000426
0.000429
0.000455
0.000769
0.000424
0.000427
0.000438
0.000432
0.000431
0.000428
0.000428
0.000575
0.000440
0.000431
0.000424
0.000429
0.000442
0.000433
0.000740
0.000436
0.000455
0.000481
0.000544
0.000433
0.000433
0.000434
0.000431
0.000431
0.000525
0.000443
0.000430
0.000436
0.000437
0.000427
0.000436
0.000425
0.000438
0.000470
0.000439
0.000557
0.000430
0.000443
0.000426
0.000444
0.000428
0.000427
0.000427
0.000438
0.000452
0.000487
0.000428
0.000418
0.000433
0.000469
0.000431
0.000438
0.000432
0.000448
0.000474
0.000425
0.000686
0.000430
0.000427
0.000433
0.000429
0.000469
0.000429
0.000438
0.000430
0.000423
0.000428
0.000427
0.000427
0.000457
0.000427
0.000429
0.000436
0.000428
0.000432
0.000429
0.000439
0.000427
0.000450
0.000423
0.000424
0.000625
0.000631
0.000628
0.000455
0.000529
0.000593
0.000603
0.000605
0.000614
0.000606
0.000610
0.000596
0.000596
0.000606
0.000600
0.000641
0.000535
0.000457
0.000436
0.000436
0.000432
0.000427
0.000461
0.000448
0.000426
0.000427
0.000426
0.000462
0.000439
0.000843
0.000427
0.000430
0.000427
0.000429
0.000451
0.000426
0.000435
0.000412
0.000443
0.000436
0.000425
0.000430
0.000443
0.000432
0.000429
0.000436
0.000427
0.000436
0.000438
0.000429
0.000430
0.000429
0.000455
0.000438
0.000427
0.000427
0.000430
0.000429
0.000439
0.000462
0.000445
0.000429
0.000427
0.000420
0.000452
0.000419
0.000440
0.000463
0.000436
0.000420
0.000427
0.000423
0.000424
0.000428
0.000422
0.000438
0.000425
0.000433
0.000436
0.000426
0.000434
0.000444
0.000441
0.000432
0.000424
0.000421
0.000427
0.000421
0.000420
0.000421
0.000424
0.000425
0.000436
0.000633
0.000448
0.000430
0.000419
0.000431
0.000423
0.000435
0.000423
0.000422
0.000422
0.000438
0.000448
0.000431
0.000431
0.000815
0.000562
0.000422
0.000438
0.000449
0.000432
0.000429
0.000424
0.000423
0.000437
0.000441
0.000430
0.000418
0.000711
0.000436
0.000427
0.000423
0.000422
0.000423
0.000426
0.000423
0.000423
0.000423
0.000445
0.000423
0.000429
0.000424
0.000464
0.000679
0.000427
0.000435
0.000649
0.000423
0.000436
0.000445
0.000425
0.000423
0.000444
0.000424
0.000432
0.000428
0.000442
0.000443
0.000440
0.000428
0.000442
0.000972
0.000433
0.000473
0.000428
0.000439
0.000427
0.000455
0.000693
0.000827
0.000430
0.000426
0.000422
0.000445
0.000432
0.000432
0.000480
0.000452
0.000696
0.000434
0.000451
0.000436
0.000423
0.000449
0.000418
0.000435
0.000444
0.000429
0.000681
0.000428
0.000423
0.000459
0.000429
0.000440
0.000424
0.000436
0.000447
0.000437
0.000431
0.000424
0.000423
0.000431
0.000435
0.000422
0.000423
0.000724
0.000427
0.001139
0.000448
0.000436
0.000423
0.000473
0.000812
0.000427
0.000421
0.000419
0.000649
0.000432
0.000456
0.000440
0.000422
0.000426
0.000424
0.000423
0.000421
0.000425
0.000429
0.001264
0.000443
0.000432
0.000424
0.000434
0.000443
0.000432
0.000454
0.000447
0.000437
0.000436
0.000439
0.000433
0.000433
0.000455
0.000453
0.000813
0.001120
0.000424
0.000423
0.000438
0.000436
0.000429
0.000917
0.000429
0.000435
0.000701
0.000465
0.000423
0.000426
0.000438
0.000425
0.000423
0.000747
0.000424
0.000702
0.001209
0.001295
0.000432
0.000809
0.000448
0.000473
0.000424
0.000436
0.000447
0.000423
0.000426
0.000453
0.000421
0.001199
0.000446
0.000432
0.000427
0.000424
0.000427
0.000425
0.000431
0.000422
0.000442
0.000426
0.000428
0.000437
0.000439
0.000497
0.000457
0.000433
0.000424
0.000435
0.000423
0.000424
0.000422
0.000587
0.000423
0.000422
0.000424
0.000453
0.000715
0.000437
0.000421
0.000432
0.000424
0.000427
0.000422
0.000427
0.000425
0.000423
0.000435
0.000425
0.000439
0.000780
0.000429
0.000457
0.000891
0.000433
0.000423
0.000430
0.000432
0.000424
0.000424
0.000426
0.000425
0.000431
0.000433
0.001193
0.001015
0.000429
0.000424
0.000453
0.000423
0.000424
0.000423
0.000420
0.000439
0.000432
0.000632
0.000430
0.000446
0.000426
0.000424
0.000425
0.000425
0.000424
0.000436
0.000454
0.000447
0.000917
0.000440
0.000424
0.000420
0.000423
0.000420
0.000425
0.000430
0.000428
0.000423
0.000433
0.000429
0.000608
0.000447
0.000965
0.000452
0.000424
0.000536
0.000838
0.000425
0.000424
0.000435
0.000423
0.000976
0.000442
0.000433
0.000427
0.000455
0.000787
0.000432
0.000423
0.000424
0.000423
0.000425
0.000427
0.000423
0.000428
0.000654
0.000458
0.000422
0.000443
0.000472
0.000435
0.000432
0.000453
0.000429
0.000420
0.000451
0.000427
0.000433
0.000885
0.000427
0.000426
0.000422
0.000432
0.000423
0.000432
0.000432
0.000436
0.000423
0.000427
0.000614
0.000893
0.000426
0.000430
0.000434
0.000421
0.000464
0.000431
0.000437
0.000464
0.000965
0.000572
0.000420
0.000458
0.000990
0.001221
0.000479
0.000437
0.000427
0.000448
0.000424
0.000423
0.000444
0.001016
0.000432
0.001175
0.000425
0.000446
0.000422
0.000419
0.000456
0.000953
0.000432
0.000416
0.000428
0.000425
0.000434
0.000422
0.000427
0.000422
0.000441
0.000446
0.000447
0.000422
0.000430
0.000421
0.000444
0.000424
0.000424
0.000442
0.000428
0.000443
0.001056
0.000423
0.000425
0.000423
0.000440
0.000424
0.000424
0.000475
0.000427
0.000437
0.000455
0.000450
0.001258
0.000434
0.000424
0.000431
0.000425
0.000425
0.000445
0.000439
0.000429
0.000433
0.000433
0.000486
0.000447
0.000439
0.000429
0.000426
0.000438
0.000431
0.000425
0.000422
0.000425
0.000425
0.000426
0.000423
0.000423
0.000434
0.000422
0.000424
0.000426
0.000506
0.000448
0.000436
0.000417
0.000439
0.000422
0.000432
0.000425
0.000422
0.000441
0.000450
0.001078
0.000424
0.000431
0.000423
0.000436
0.000448
0.000451
0.000998
0.000585
0.000423
0.000433
0.000436
0.000831
0.000798
0.000428
0.000421
0.000440
0.000439
0.000432
0.000420
0.000421
0.000422
0.000431
0.000442
0.000434
0.000435
0.000433
0.000437
0.000419
0.000425
0.000432
0.000441
0.000423
0.000425
0.000472
0.000427
0.000422
0.000450
0.000435
0.000575
0.000954
0.000425
0.000425
0.000423
0.000431
0.000423
0.000424
0.000428
0.000424
0.000426
0.000434
0.000976
0.000438
0.000813
0.000422
0.000426
0.000948
0.000432
0.000440
0.000423
0.000432
0.000446
0.000423
0.000447
0.000423
0.000427
0.000443
0.000438
0.000454
0.000443
0.000423
0.000426
0.000448
0.000424
0.000423
0.000427
0.000442
0.000445
0.000423
0.000423
0.000451
0.000424
0.000423
0.000462
0.000432
0.000431
0.000432
0.000837
0.000433
0.000434
0.000449
0.000424
0.000437
0.000500
0.000436
0.000419
0.000451
0.000428
0.000432
0.000440
0.000427
0.000418
0.000438
0.000450
0.000452
0.000423
0.000424
0.000436
0.000427
0.000424
0.000440
0.000432
0.000435
0.000481
0.000425
0.000431
0.000443
0.000440
0.000658
0.000426
0.000423
0.000460
0.000432
0.000422
0.000426
0.000423
0.000423
0.000436
0.000436
0.000465
0.000439
0.000422
0.000446
0.000441
0.000424
0.000422
0.000432
0.000426
0.000423
0.000422
0.000468
0.000424
0.000429
0.000442
0.000432
0.000431
0.000436
0.000422
0.000414
0.000424
0.000424
0.000439
0.000439
0.000428
0.000460
0.000423
0.000423
0.000426
0.000423
0.001014
0.000956
0.000459
0.000438
0.000443
0.000423
0.000424
0.000421
0.000427
0.000423
0.000442
0.000424
0.000423
0.000524
0.000433
0.000424
0.000422
0.000426
0.000427
0.000442
0.000423
0.000426
0.000422
0.000430
0.000427
0.000424
0.000453
0.000434
0.000430
0.000432
0.000463
0.000429
0.000427
0.000430
0.000423
0.000426
0.000423
0.000428
0.000423
0.000423
0.000423
0.000430
0.000444
0.000446
0.000423
0.000423
0.000433
0.000446
0.000428
0.000424
0.000428
0.000425
0.000432
0.000421
0.000424
0.000715
0.000769
0.000466
0.000428
0.000439
0.000424
0.000423
0.000423
0.000422
0.000435
0.000425
0.000435
0.000458
0.000443
0.000423
0.000433
0.000436
0.000423
0.000423
0.000432
0.000424
0.000438
0.000417
0.000431
0.000427
0.000432
0.000422
0.000604
0.000424
0.000448
0.000421
0.000426
0.000456
0.000429
0.000425
0.000452
0.000423
0.000427
0.000437
0.000425
0.000426
0.000431
0.000985
0.000427
0.000431
0.000428
0.000420
0.000424
0.000436
0.000437
0.000426
0.000436
0.000430
0.000431
0.000444
0.000426
0.000423
0.000424
0.000427
0.000423
0.000433
0.000424
0.000439
0.000426
0.000426
0.000678
0.000793
0.001211
0.000421
0.000422
0.000426
0.000427
0.001064
0.000432
0.000591
0.000425
0.000454
0.000424
0.000433
0.000791
0.000426
0.000422
0.001135
0.000429
0.000440
0.001006
0.000431
0.000433
0.000815
0.000425
0.000512
0.000764
0.001088
0.001092
0.000448
0.000444
0.000454
0.000958
0.000734
0.000430
0.001139
0.000446
0.000445
0.000774
0.000504
0.000438
0.000458
0.000438
0.000991
0.000497
0.000428
0.000516
0.000433
0.000438
0.000433
0.000440
0.000440
0.000457
0.000422
0.000421
0.000438
0.000424
0.000432
0.000438
0.000422
0.000442
0.000446
0.000426
0.000743
0.000578
0.000426
0.000431
0.000424
0.000426
0.000734
0.000432
0.000424
0.000438
0.000430
0.001085
0.000447
0.000434
0.000464
0.000435
0.000717
0.000424
0.000426
0.000907
0.000506
0.000425
0.000447
0.000431
0.000422
0.001120
0.000538
0.000423
0.000481
0.000496
0.000933
0.000425
0.001223
0.000720
0.000425
0.000456
0.000527
0.000552
0.000435
0.000448
0.000438
0.000422
0.000433
0.000426
0.000516
0.000427
0.000427
0.000539
0.000436
0.000437
0.000717
0.000842
0.000471
0.001362
0.000428
0.000433
0.000435
0.000429
0.000457
0.000434
0.000458
0.000425
0.000457
0.000426
0.000457
0.000431
0.000425
0.000449
0.000425
0.000421
0.000434
0.000424
0.000718
0.000520
0.000504
0.000783
0.000447
