0.000653
0.000226
0.000226
0.000226
0.000237
0.000383
0.000226
0.000232
0.000230
0.000233
0.000226
0.000228
0.000226
0.000226
0.000233
0.000226
0.000233
0.000235
0.000227
0.000227
0.000225
0.000232
0.000258
0.000236
0.000441
0.000260
0.000226
0.000232
0.000227
0.000226
0.000324
0.000225
0.000232
0.000229
0.000229
0.000225
0.000230
0.000226
0.000230
0.000226
0.000226
0.000226
0.000225
0.000507
0.000229
0.000226
0.000226
0.000225
0.000226
0.000230
0.000224
0.000237
0.000493
0.000486
0.000252
0.000231
0.000226
0.000231
0.000237
0.000235
0.000225
0.000225
0.000225
0.000226
0.000227
0.000232
0.000228
0.000238
0.000244
0.000225
0.000226
0.000233
0.000230
0.000225
0.000226
0.000226
0.000229
0.000227
0.000226
0.000234
0.000226
0.000246
0.000234
0.000232
0.000291
0.000233
0.000225
0.000653
0.000229
0.000249
0.000302
0.000226
0.000226
0.000227
0.000228
0.000238
0.000525
0.000229
0.000226
0.000233
0.000226
0.000283
0.000231
0.000225
0.000541
0.000226
0.000230
0.000230
0.000233
0.000236
0.000228
0.000230
0.000247
0.000226
0.000225
0.000231
0.000228
0.000233
0.000229
0.000226
0.000231
0.000226
0.000227
0.000249
0.000229
0.000227
0.000226
0.000231
0.000234
0.000236
0.000226
0.000225
0.000227
0.000255
0.000231
0.000232
0.000226
0.000226
0.000227
0.000226
0.000232
0.000226
0.000230
0.000235
0.000256
0.000231
0.000240
0.000226
0.000246
0.000227
0.000232
0.000225
0.000230
0.000230
0.000227
0.000232
0.000227
0.000227
0.000299
0.000439
0.000256
0.000232
0.000526
0.000228
0.000226
0.000233
0.000227
0.000235
0.000226
0.000246
0.000227
0.000230
0.000232
0.000248
0.000511
0.000230
0.000228
0.000660
0.000226
0.000229
0.000228
0.000339
0.000231
0.000337
0.000231
0.000226
0.000226
0.000235
0.000230
0.000229
0.000229
0.000524
0.000226
0.000228
0.000225
0.000227
0.000229
0.000232
0.000228
0.000229
0.000236
0.000226
0.000230
0.000227
0.000240
0.000244
0.000570
0.000421
0.000231
0.000226
0.000226
0.000236
0.000227
0.000229
0.000229
0.000227
0.000568
0.000245
0.000244
0.000232
0.000226
0.000250
0.000226
0.000244
0.000246
0.000226
0.000230
0.000230
0.000228
0.000232
0.000227
0.000249
0.000230
0.000233
0.000242
0.000227
0.000500
0.000227
0.000230
0.000229
0.000505
0.000373
0.000226
0.000237
0.000231
0.000234
0.000227
0.000236
0.000227
0.000228
0.000226
0.000226
0.000230
0.000229
0.000230
0.000227
0.000266
0.000226
0.000229
0.000236
0.000358
0.000236
0.000235
0.000267
0.000237
0.000231
0.000233
0.000229
0.000228
0.000226
0.000228
0.000229
0.000228
0.000256
0.000230
0.000227
0.000248
0.000238
0.000228
0.000257
0.000507
0.000507
0.000667
0.000231
0.000230
0.000227
0.000229
0.000233
0.000240
0.000317
0.000228
0.000229
0.000542
0.000227
0.000608
0.000710
0.000291
0.000228
0.000510
0.000272
0.000651
0.000242
0.000228
0.000227
0.000658
0.000238
0.000621
0.000718
0.000246
0.000238
0.000228
0.000245
0.000246
0.000226
0.000231
0.000553
0.000228
0.000569
0.000229
0.000229
0.000507
0.000525
0.000238
0.000229
0.000229
0.000236
0.000250
0.000254
0.000227
0.000226
0.000227
0.000234
0.000232
0.000230
0.000227
0.000228
0.000225
0.000596
0.000563
0.000229
0.000559
0.000653
0.000233
0.000639
0.000578
0.000227
0.000713
0.000596
0.000227
0.000392
0.000293
0.000650
0.000301
0.000405
0.000537
0.000243
0.000232
0.000229
0.000233
0.000315
0.000670
0.000510
0.000226
0.000240
0.000227
0.000233
0.000226
0.000310
0.000649
0.000234
0.000226
0.000227
0.000225
0.000233
0.000647
0.000233
0.000459
0.000229
0.000228
0.000583
0.000258
0.000527
0.000522
0.000228
0.000233
0.000507
0.000521
0.000231
0.000494
0.000652
0.000360
0.000235
0.000236
0.000239
0.000228
0.000236
0.000225
0.000231
0.000231
0.000226
0.000414
0.000226
0.000599
0.000718
0.000235
0.000227
0.000237
0.000231
0.000227
0.000247
0.000234
0.000520
0.000254
0.000522
0.000671
0.000230
0.000229
0.000231
0.000231
0.000227
0.000231
0.000228
0.000522
0.000238
0.000229
0.000505
0.000232
0.000664
0.000552
0.000227
0.000263
0.000388
0.000514
0.000231
0.000228
0.000226
0.000435
0.000226
0.000225
0.000225
0.000241
0.000401
0.000228
0.000240
0.000566
0.000227
0.000231
0.000233
0.000225
0.000226
0.000227
0.000227
0.000231
0.000234
0.000668
0.000235
0.000233
0.000232
0.000227
0.000226
0.000484
0.000227
0.000561
0.000459
0.000227
0.000227
0.000231
0.000228
0.000226
0.000233
0.000226
0.000233
0.000227
0.000499
0.000228
0.000295
0.000226
0.000226
0.000241
0.000229
0.000559
0.000231
0.000228
0.000228
0.000230
0.000342
0.000235
0.000653
0.000295
0.000543
0.000233
0.000235
0.000429
0.000232
0.000234
0.000229
0.000231
0.000232
0.000228
0.000509
0.000242
0.000265
0.000228
0.000527
0.000231
0.000230
0.000234
0.000226
0.000226
0.000227
0.000228
0.000521
0.000227
0.000236
0.000548
0.000230
0.000335
0.000229
0.000233
0.000226
0.000531
0.000226
0.000229
0.000676
0.000227
0.000227
0.000235
0.000230
0.000236
0.000226
0.000233
0.000228
0.000229
0.000598
0.000230
0.000235
0.000228
0.000560
0.000230
0.000236
0.000250
0.000226
0.000401
0.000233
0.000235
0.000295
0.000504
0.000232
0.000237
0.000226
0.000495
0.000521
0.000241
0.000234
0.000227
0.000520
0.000226
0.000232
0.000229
0.000237
0.000287
0.000585
0.000364
0.000246
0.000244
0.000236
0.000328
0.000396
0.000269
0.000657
0.000373
0.000650
0.000228
0.000513
0.000233
0.000230
0.000227
0.000227
0.000225
0.000230
0.000229
0.000233
0.000233
0.000232
0.000228
0.000227
0.000238
0.000357
0.000254
0.000267
0.000229
0.000233
0.000228
0.000250
0.000264
0.000506
0.000506
0.000389
0.000652
0.000447
0.000332
0.000650
0.000236
0.000225
0.000230
0.000228
0.000225
0.000539
0.000226
0.000236
0.000229
0.000471
0.000230
0.000235
0.000359
0.000233
0.000525
0.000258
0.000234
0.000237
0.000567
0.000537
0.000233
0.000227
0.000569
0.000658
0.000245
0.000234
0.000267
0.000229
0.000233
0.000323
0.000651
0.000230
0.000227
0.000227
0.000242
0.000231
0.000232
0.000246
0.000229
0.000227
0.000226
0.000230
0.000489
0.000689
0.000233
0.000652
0.000408
0.000235
0.000254
0.000657
0.000226
0.000242
0.000231
0.000229
0.000492
0.000650
0.000227
0.000226
0.000227
0.000226
0.000227
0.000232
0.000228
0.000250
0.000228
0.000228
0.000236
0.000229
0.000237
0.000291
0.000228
0.000568
0.000233
0.000228
0.000227
0.000224
0.000226
0.000293
0.000233
0.000229
0.000226
0.000227
0.000226
0.000484
0.000225
0.000228
0.000227
0.000227
0.000226
0.000226
0.000227
0.000230
0.000230
0.000231
0.000508
0.000235
0.000531
0.000229
0.000225
0.000225
0.000226
0.000236
0.000443
0.000226
0.000237
0.000227
0.000231
0.000251
0.000389
0.000226
0.000226
0.000231
0.000231
0.000246
0.000507
0.000230
0.000228
0.000228
0.000230
0.000235
0.000230
0.000395
0.000519
0.000461
0.000505
0.000229
0.000229
0.000293
0.000227
0.000229
0.000226
0.000226
0.000226
0.000539
0.000644
0.000230
0.000513
0.000237
0.000227
0.000227
0.000231
0.000236
0.000233
0.000228
0.000227
0.000231
0.000508
0.000230
0.000523
0.000578
0.000226
0.000218
0.000231
0.000227
0.000234
0.000232
0.000236
0.000238
0.000237
0.000350
0.000390
0.000230
0.000228
0.000231
0.000236
0.000229
0.000226
0.000228
0.000230
0.000230
0.000236
0.000227
0.000226
0.000227
0.000227
0.000227
0.000228
0.000237
0.000226
0.000226
0.000227
0.000251
0.000510
0.000453
0.000232
0.000228
0.000226
0.000249
0.000237
0.000231
0.000226
0.000235
0.000508
0.000230
0.000507
0.000229
0.000227
0.000226
0.000244
0.000225
0.000228
0.000235
0.000245
0.000469
0.000231
0.000519
0.000244
0.000229
0.000228
0.000226
0.000226
0.000513
0.000524
0.000236
0.000252
0.000230
0.000227
0.000229
0.000225
0.000229
0.000236
0.000229
0.000233
0.000531
0.000225
0.000243
0.000649
0.000231
0.000308
0.000229
0.000223
0.000234
0.000233
0.000230
0.000229
0.000226
0.000226
0.000229
0.000559
0.000232
0.000228
0.000235
0.000313
0.000365
0.000515
0.000231
0.000232
0.000236
0.000230
0.000231
0.000516
0.000227
0.000228
0.000230
0.000547
0.000682
0.000226
0.000234
0.000229
0.000227
0.000358
0.000227
0.000230
0.000228
0.000230
0.000230
0.000271
0.000227
0.000227
0.000556
0.000229
0.000231
0.000392
0.000506
0.000226
0.000230
0.000228
0.000227
0.000227
0.000225
0.000511
0.000229
0.000230
0.000226
0.000227
0.000231
0.000287
0.000225
0.000366
0.000268
0.000262
0.000227
0.000228
0.000234
0.000231
0.000226
0.000286
0.000625
0.000236
0.000228
0.000227
0.000235
0.000298
0.000227
0.000227
0.000256
0.000231
0.000233
0.000233
0.000232
0.000336
0.000418
0.000357
0.000237
0.000668
0.000506
0.000764
0.000230
0.000229
0.000227
0.000227
0.000276
0.000507
0.000237
0.000512
0.000235
0.000243
0.000217
0.000225
0.000253
0.000229
0.000561
0.000251
0.000521
0.000512
0.000246
0.000233
0.000225
0.000226
0.000227
0.000484
0.000231
0.000234
0.000232
0.000247
0.000258
0.000234
0.000227
0.000228
0.000225
0.000229
0.000224
0.000284
0.000229
0.000253
0.000253
0.000229
0.000226
0.000228
0.000229
0.000237
0.000252
0.000266
0.000635
0.000228
0.000251
0.000227
0.000228
0.000258
0.000234
0.000255
0.000227
0.000225
0.000227
0.000276
0.000233
0.000258
0.000230
0.000228
0.000259
0.000228
0.000227
0.000234
0.000231
0.000231
0.000249
0.000229
0.000253
0.000227
0.000230
0.000257
0.000231
0.000228
0.000226
0.000228
0.000230
0.000232
0.000231
0.000230
0.000230
0.000235
0.000232
0.000265
0.000507
0.000423
0.000229
0.000234
0.000226
0.000227
0.000226
0.000234
0.000227
0.000231
0.000234
0.000511
0.000394
0.000518
0.000227
0.000509
0.000509
0.000234
0.000508
0.000479
0.000571
0.000271
0.000235
0.000231
0.000230
0.000232
0.000227
0.000226
0.000547
0.000270
0.000501
0.000523
0.000231
0.000228
0.000233
0.000231
0.000226
0.000227
0.000227
0.000292
0.000512
0.000226
0.000515
0.000256
0.000233
0.000230
0.000294
0.000229
0.000232
0.000227
0.000226
0.000236
0.000358
0.000404
0.000492
0.000232
0.000227
0.000230
0.000437
0.000227
0.000235
0.000236
0.000237
0.000507
0.000231
0.000513
0.000230
0.000472
0.000227
0.000229
0.000234
0.000229
0.000228
0.000364
0.000254
0.000234
0.000227
0.000232
0.000227
0.000226
0.000226
0.000225
0.000236
0.000226
0.000232
0.000443
0.000418
0.000257
0.000237
0.000460
0.000225
0.000229
0.000247
0.000226
0.000226
0.000226
0.000230
0.000229
0.000232
0.000642
0.000230
0.000231
0.000234
0.000233
0.000237
0.000509
0.000228
0.000232
0.000229
0.000235
0.000226
0.000669
0.000230
0.000235
0.000229
0.000229
0.000234
0.000557
0.000337
0.000253
0.000671
0.000231
0.000228
0.000227
0.000225
0.000250
0.000226
0.000233
0.000233
0.000230
0.000235
0.000256
0.000611
0.000231
0.000226
0.000229
0.000264
0.000226
0.000227
0.000223
0.000227
0.000242
0.000271
0.000227
0.000226
0.000227
0.000232
0.000230
0.000358
0.000227
0.000232
0.000226
0.000232
0.000230
0.000227
0.000234
0.000263
0.000234
0.000230
0.000230
0.000227
0.000223
0.000230
0.000547
0.000395
0.000231
0.000239
0.000233
0.000233
0.000238
0.000523
0.000231
0.000226
0.000228
0.000229
0.000236
0.000232
0.000232
0.000229
0.000651
0.000225
0.000233
0.000235
0.000239
0.000555
0.000299
0.000234
0.000230
0.000639
0.000227
0.000234
0.000227
0.000232
0.000226
0.000232
0.000233
0.000238
0.000230
0.000508
0.000460
0.000227
0.000230
0.000229
0.000227
0.000246
0.000231
0.000502
0.000235
0.000224
0.000241
0.000227
0.000228
0.000359
0.000227
0.000230
0.000228
0.000226
0.000227
0.000458
0.000499
0.000228
0.000227
0.000223
0.000232
0.000226
0.000233
0.000234
0.000643
0.000379
0.000275
0.000660
0.000470
0.000229
0.000403
0.000227
0.000229
0.000278
0.000383
0.000262
0.000519
0.000228
0.000508
0.000223
0.000230
0.000231
0.000230
0.000418
0.000226
0.000231
0.000225
0.000226
0.000230
0.000225
0.000238
0.000232
0.000227
0.000232
0.000232
0.000237
0.000237
0.000230
0.000227
0.000225
0.000231
0.000226
0.000228
0.000257
0.000227
0.000226
0.000236
0.000230
0.000232
0.000219
0.000224
0.000225
0.000233
0.000359
0.000234
0.000378
0.000225
0.000227
0.000224
0.000228
0.000231
0.000233
0.000233
0.000226
0.000223
0.000243
0.000228
0.000225
0.000231
0.000238
0.000227
0.000474
0.000234
0.000232
0.000244
0.000231
0.000225
0.000231
0.000320
0.000225
0.000233
0.000236
0.000224
0.000226
0.000509
0.000232
0.000232
0.000229
0.000246
0.000506
0.000236
0.000231
0.000228
0.000230
0.000226
0.000226
0.000226
0.000232
0.000229
0.000230
0.000237
0.000234
0.000232
0.000508
0.000226
0.000234
0.000233
0.000226
0.000251
0.000225
0.000225
0.000227
0.000229
0.000233
0.000230
0.000226
0.000232
0.000230
0.000231
0.000226
0.000225
0.000234
0.000229
0.000226
0.000225
0.000228
0.000239
0.000246
0.000370
0.000228
0.000227
0.000226
0.000225
0.000235
0.000230
0.000227
0.000225
0.000230
0.000227
0.000234
0.000296
0.000232
0.000244
0.000238
0.000231
0.000227
0.000233
0.000236
0.000230
0.000230
0.000230
0.000233
0.000610
0.000229
0.000225
0.000225
0.000325
0.000226
0.000228
0.000227
0.000225
0.000239
0.000258
0.000232
0.000223
0.000228
0.000226
0.000227
0.000229
0.000227
0.000235
0.000232
0.000227
0.000226
0.000226
0.000229
0.000243
0.000251
0.000233
0.000231
0.000227
0.000226
0.000225
0.000225
0.000230
0.000229
0.000227
0.000226
0.000516
0.000233
0.000226
0.000225
0.000225
0.000242
0.000230
0.000224
0.000231
0.000229
0.000227
0.000236
0.000259
0.000236
0.000658
0.000239
0.000239
0.000234
0.000226
0.000226
0.000233
0.000236
0.000232
0.000245
0.000590
0.000228
0.000228
0.000615
0.000367
0.000229
0.000239
0.000426
0.000246
0.000226
0.000229
0.000225
0.000225
0.000227
0.000229
0.000226
0.000225
0.000231
0.000229
0.000250
0.000233
0.000233
0.000236
0.000225
0.000224
0.000225
0.000233
0.000228
0.000226
0.000226
0.000245
0.000227
0.000226
0.000226
0.000478
0.000648
0.000226
0.000231
0.000230
0.000228
0.000225
0.000225
0.000227
0.000227
0.000226
0.000231
0.000228
0.000234
0.000228
0.000262
0.000228
0.000225
0.000230
0.000231
0.000231
0.000232
0.000233
0.000226
0.000224
0.000225
0.000253
0.000229
0.000225
0.000232
0.000619
0.000237
0.000234
0.000226
0.000229
0.000228
0.000227
0.000226
0.000227
0.000226
0.000230
0.000235
0.000229
0.000225
0.000231
0.000228
0.000232
0.000229
0.000231
0.000228
0.000230
0.000227
0.000236
0.000227
0.000248
0.000231
0.000228
0.000225
0.000232
0.000227
0.000228
0.000248
0.000226
0.000226
0.000248
0.000230
0.000232
0.000226
0.000232
0.000226
0.000232
0.000227
0.000231
0.000248
0.000229
0.000227
0.000241
0.000233
0.000242
0.000243
0.000240
0.000230
0.000232
0.000234
0.000512
0.000226
0.000235
0.000228
0.000248
0.000231
0.000227
0.000227
0.000228
0.000236
0.000226
0.000245
0.000230
0.000227
0.000225
0.000226
0.000229
0.000225
0.000247
0.000619
0.000396
0.000223
0.000229
0.000227
0.000225
0.000231
0.000288
0.000231
0.000234
0.000254
0.000231
0.000226
0.000229
0.000229
0.000225
0.000229
0.000248
0.000249
0.000245
0.000252
0.000227
0.000243
0.000227
0.000237
0.000505
0.000228
0.000229
0.000224
0.000229
0.000225
0.000233
0.000232
0.000228
0.000232
0.000287
0.000227
0.000233
0.000231
0.000226
0.000225
0.000230
0.000226
0.000226
0.000233
0.000230
0.000226
0.000233
0.000226
0.000227
0.000234
0.000246
0.000229
0.000225
0.000234
0.000229
0.000231
0.000226
0.000232
0.000226
0.000240
0.000233
0.000232
0.000225
0.000225
0.000226
0.000226
0.000225
0.000228
0.000228
0.000225
0.000228
0.000231
0.000229
0.000270
0.000229
0.000226
0.000225
0.000228
0.000226
0.000232
0.000225
0.000230
0.000227
0.000226
0.000233
0.000228
0.000225
0.000230
0.000236
0.000225
0.000234
0.000244
0.000228
0.000252
0.000226
0.000225
0.000229
0.000230
0.000225
0.000248
0.000234
0.000225
0.000240
0.000227
0.000226
0.000228
0.000230
0.000225
0.000227
0.000225
0.000231
0.000227
0.000226
0.000246
0.000228
0.000229
0.000229
0.000231
0.000226
0.000227
0.000226
0.000227
0.000225
0.000235
0.000225
0.000225
0.000225
0.000248
0.000237
0.000226
0.000237
0.000226
0.000229
0.000226
0.000275
0.000229
0.000228
0.000227
0.000225
0.000226
0.000228
0.000273
0.000229
0.000250
0.000243
0.000511
0.000333
0.000231
0.000228
0.000273
0.000235
0.000226
0.000228
0.000225
0.000225
0.000225
0.000241
0.000524
0.000572
0.000228
0.000229
0.000225
0.000226
0.000225
0.000229
0.000232
0.000225
0.000227
0.000249
0.000227
0.000226
0.000228
0.000228
0.000229
0.000230
0.000236
0.000228
0.000229
0.000233
0.000482
0.000228
0.000229
0.000647
0.000399
0.000779
0.000234
0.000251
0.000228
0.000230
0.000227
0.000233
0.000226
0.000226
0.000225
0.000229
0.000227
0.000227
0.000226
0.000232
0.000230
0.000230
0.000227
0.000227
0.000253
0.000234
0.000226
0.000555
0.000227
0.000565
0.000227
0.000226
0.000234
0.000227
0.000232
0.000233
0.000227
0.000257
0.000234
0.000235
0.000228
0.000259
0.000471
0.000646
0.000227
0.000230
0.000228
0.000231
0.000226
0.000237
0.000227
0.000234
0.000391
0.000227
0.000227
0.000235
0.000510
0.000543
0.000228
0.000227
0.000600
0.000522
0.000507
0.000256
0.000230
0.000232
0.000228
0.000231
0.000233
0.000226
0.000250
0.000233
0.000231
0.000229
0.000260
0.000226
0.000227
0.000231
0.000230
0.000226
0.000231
0.000227
0.000227
0.000226
0.000252
0.000230
0.000227
0.000232
0.000226
0.000227
0.000226
0.000226
0.000229
0.000226
0.000529
0.000338
0.000233
0.000235
0.000231
0.000226
0.000248
0.000226
0.000227
0.000228
0.000228
0.000230
0.000233
0.000229
0.000227
0.000227
0.000225
0.000225
0.000225
0.000226
0.000259
0.000226
0.000228
0.000225
0.000232
0.000225
0.000233
0.000225
0.000226
0.000230
0.000230
0.000227
0.000227
0.000255
0.000229
0.000226
0.000226
0.000230
0.000238
0.000232
0.000225
0.000231
0.000227
0.000227
0.000237
0.000228
0.000299
0.000226
0.000225
0.000251
0.000225
0.000226
0.000234
0.000226
0.000235
0.000227
0.000233
0.000231
0.000224
0.000232
0.000234
0.000226
0.000229
0.000226
0.000230
0.000226
0.000252
0.000225
0.000225
0.000233
0.000228
0.000230
0.000228
0.000509
0.000504
0.000227
0.000228
0.000225
0.000225
0.000225
0.000233
0.000245
0.000226
0.000225
0.000225
0.000229
0.000233
0.000247
0.000234
0.000233
0.000236
0.000348
0.000452
0.000407
0.000533
0.000227
0.000239
0.000227
0.000245
0.000501
0.000246
0.000232
0.000228
0.000230
0.000532
0.000240
0.000327
0.000509
0.000233
0.000571
0.000228
0.000231
0.000229
0.000248
0.000258
0.000537
0.000238
0.000229
0.000236
0.000438
0.000295
0.000519
0.000237
0.000231
0.000423
0.000675
0.000235
0.000233
0.000236
0.000660
0.000228
0.000549
0.000234
0.000231
0.000505
0.000470
0.000234
0.000230
0.000233
0.000257
0.000268
0.000239
0.000228
0.000228
0.000230
0.000512
0.000229
0.000523
0.000227
