0.000954
0.000515
0.000479
0.000474
0.000474
0.000859
0.000551
0.000475
0.000497
0.000495
0.000483
0.000486
0.000559
0.000473
0.000477
0.000481
0.000552
0.000479
0.000489
0.000698
0.000706
0.000481
0.000921
0.000823
0.000489
0.000482
0.000486
0.000485
0.000889
0.000551
0.000473
0.000480
0.000488
0.000961
0.000480
0.000483
0.000891
0.000589
0.000471
0.000475
0.000491
0.000479
0.000526
0.000798
0.000660
0.000475
0.000479
0.000497
0.000479
0.000855
0.000569
0.000490
0.000485
0.000487
0.000472
0.000500
0.000475
0.000477
0.000704
0.000593
0.000943
0.000478
0.000776
0.000492
0.000477
0.000477
0.000475
0.000476
0.000486
0.000482
0.000640
0.000505
0.000626
0.001024
0.000594
0.001254
0.000484
0.000552
0.001215
0.000485
0.000488
0.000483
0.000484
0.000503
0.000984
0.000489
0.000755
0.000491
0.000486
0.000478
0.000484
0.000476
0.000937
0.000483
0.000477
0.000477
0.000654
0.000495
0.000487
0.000882
0.000548
0.000482
0.000493
0.000484
0.000615
0.000802
0.000474
0.000763
0.000477
0.000781
0.000482
0.000568
0.000475
0.000846
0.000472
0.000495
0.000801
0.001052
0.000499
0.001160
0.000491
0.000477
0.000780
0.000502
0.000475
0.000746
0.000492
0.000710
0.000479
0.000499
0.000480
0.000776
0.000481
0.000610
0.000489
0.000756
0.000489
0.000946
0.000565
0.000872
0.000557
0.000858
0.000489
0.000471
0.000968
0.000493
0.000709
0.000614
0.000492
0.000890
0.000570
0.001207
0.000493
0.000494
0.000804
0.000479
0.000474
0.000493
0.000485
0.000473
0.000537
0.000858
0.000510
0.000812
0.000475
0.000706
0.000928
0.000511
0.000862
0.000471
0.000485
0.000517
0.000831
0.000476
0.000748
0.000491
0.000478
0.000812
0.000523
0.000479
0.000480
0.000490
0.000796
0.000550
0.000474
0.000478
0.000487
0.000478
0.000980
0.000601
0.000521
0.000487
0.000475
0.000482
0.000487
0.000485
0.000475
0.000478
0.000824
0.000601
0.000549
0.000479
0.000486
0.000488
0.000474
0.000474
0.000485
0.000477
0.000501
0.000474
0.000792
0.000475
0.000493
0.000588
0.000480
0.000493
0.000827
0.000563
0.000489
0.000490
0.000479
0.000477
0.000645
0.000579
0.000503
0.000855
0.000581
0.000524
0.000491
0.000495
0.000485
0.000526
0.000857
0.000505
0.001262
0.000495
0.000491
0.000478
0.000490
0.000472
0.000474
0.000489
0.000478
0.000824
0.000570
0.000476
0.000495
0.000486
0.000482
0.000500
0.000488
0.000509
0.000478
0.000503
0.000511
0.000847
0.000474
0.000495
0.000531
0.000483
0.000479
0.000484
0.000475
0.000485
0.000868
0.000475
0.000488
0.000484
0.000968
0.000481
0.000481
0.000474
0.000490
0.001124
0.000576
0.000491
0.000491
0.000501
0.000534
0.000650
0.001072
0.000491
0.000657
0.000484
0.000474
0.000500
0.000479
0.000900
0.000480
0.000492
0.000475
0.000884
0.000574
0.001238
0.000476
0.000556
0.000494
0.000502
0.000482
0.000511
0.000480
0.000834
0.000514
0.001316
0.000592
0.001257
0.000482
0.000492
0.000488
0.000478
0.000477
0.000483
0.000477
0.000923
0.000483
0.000483
0.000477
0.000491
0.000912
0.001355
0.000481
0.000489
0.000509
0.000529
0.001147
0.000672
0.000472
0.000843
0.000473
0.000519
0.000478
0.000488
0.000495
0.000603
0.001262
0.000499
0.000474
0.000479
0.000818
0.000502
0.000488
0.000476
0.000485
0.000489
0.000482
0.000476
0.000650
0.000507
0.000517
0.000479
0.000749
0.000478
0.000472
0.000465
0.000474
0.000471
0.000481
0.000479
0.000479
0.000511
0.000486
0.000478
0.000493
0.000477
0.000476
0.000502
0.001367
0.000471
0.000481
0.000487
0.000551
0.000494
0.000537
0.000948
0.000559
0.000481
0.000505
0.000477
0.000470
0.000476
0.000476
0.000569
0.000480
0.000912
0.000477
0.000481
0.000486
0.000479
0.000475
0.000473
0.000476
0.000480
0.000565
0.000488
0.000840
0.000490
0.000478
0.000500
0.000477
0.000494
0.000498
0.000853
0.000514
0.000479
0.000484
0.000487
0.000971
0.000476
0.000485
0.000539
0.000483
0.000478
0.000830
0.000710
0.000631
0.000894
0.000481
0.000512
0.000526
0.000485
0.001154
0.000486
0.000500
0.001014
0.000495
0.000479
0.000479
0.001373
0.000471
0.000477
0.000487
0.000663
0.000826
0.001082
0.000993
0.000495
0.000849
0.000588
0.000473
0.000584
0.000845
0.000485
0.000477
0.000473
0.000928
0.000476
0.000471
0.000673
0.000998
0.000481
0.001017
0.000724
0.000581
0.001197
0.000508
0.000484
0.000494
0.000881
0.000509
0.000488
0.000517
0.000481
0.000469
0.000483
0.000474
0.000475
0.000486
0.001035
0.000479
0.000723
0.000477
0.000471
0.000781
0.000623
0.001205
0.000506
0.000746
0.000523
0.000899
0.000614
0.000665
0.000497
0.000472
0.000476
0.000724
0.000490
0.000960
0.000494
0.000495
0.000480
0.000864
0.000612
0.000490
0.000476
0.000826
0.000566
0.000479
0.000477
0.000489
0.000492
0.000795
0.000677
0.001059
0.000484
0.000488
0.000481
0.001073
0.000590
0.000493
0.000471
0.000959
0.000479
0.000490
0.000560
0.000491
0.000541
0.000486
0.000889
0.000704
0.000482
0.000474
0.000530
0.000494
0.000476
0.001397
0.000930
0.000478
0.000482
0.000501
0.000535
0.000785
0.000732
0.000476
0.000497
0.000473
0.000480
0.000483
0.000484
0.000475
0.000579
0.001092
0.000488
0.000500
0.001037
0.000559
0.000585
0.000492
0.000971
0.000616
0.000509
0.000717
0.000503
0.000822
0.000479
0.000484
0.000856
0.000628
0.000825
0.000943
0.000802
0.000742
0.000626
0.000943
0.000552
0.001256
0.000478
0.000855
0.001197
0.000480
0.000548
0.000519
0.001292
0.000614
0.000582
0.000473
0.000476
0.000490
0.001020
0.000474
0.000493
0.000479
0.001063
0.000493
0.000479
0.000890
0.000655
0.000577
0.000696
0.000563
0.000476
0.000851
0.000553
0.001312
0.000484
0.000506
0.000698
0.001095
0.000480
0.000494
0.000474
0.001053
0.000487
0.000475
0.000477
0.001099
0.000650
0.000490
0.000857
0.000620
0.000645
0.001255
0.000480
0.000487
0.000520
0.000584
0.001088
0.000496
0.000481
0.000881
0.000476
0.000510
0.000547
0.000484
0.000858
0.000616
0.000477
0.000830
0.000527
0.000482
0.000509
0.000473
0.000481
0.000485
0.000522
0.000491
0.000595
0.001312
0.000486
0.000475
0.000527
0.000476
0.000475
0.000478
0.000826
0.000476
0.000475
0.000750
0.000580
0.001229
0.000506
0.000823
0.000476
0.000480
0.000504
0.000856
0.000487
0.000713
0.000516
0.000801
0.000509
0.000785
0.000922
0.000633
0.000476
0.000474
0.000477
0.000476
0.000514
0.000901
0.000476
0.000474
0.000473
0.000476
0.000487
0.000479
0.000476
0.000512
0.000493
0.000489
0.000474
0.000477
0.000481
0.000486
0.000475
0.001152
0.000603
0.001244
0.000501
0.000986
0.001179
0.000578
0.000485
0.000490
0.000495
0.001019
0.000498
0.000508
0.001244
0.000485
0.000802
0.000483
0.000476
0.000485
0.000827
0.001065
0.000476
0.000953
0.000503
0.000745
0.000501
0.000857
0.000730
0.001227
0.000473
0.001418
0.000487
0.001045
0.000686
0.000978
0.000491
0.000485
0.000476
0.000477
0.000884
0.000595
0.000489
0.000590
0.000538
0.000964
0.000475
0.000475
0.000684
0.000525
0.000701
0.000488
0.000931
0.000470
0.000866
0.000473
0.000474
0.000982
0.001064
0.000657
0.001322
0.000831
0.000500
0.000494
0.000486
0.000472
0.000485
0.000490
0.000476
0.000477
0.000472
0.000476
0.000923
0.001212
0.000472
0.000471
0.000491
0.000474
0.000475
0.000477
0.000476
0.000474
0.000521
0.000488
0.000906
0.000892
0.000479
0.000503
0.001078
0.001013
0.000474
0.000481
0.001007
0.000600
0.001088
0.000472
0.000475
0.000504
0.000484
0.000727
0.000967
0.000472
0.000473
0.000685
0.000989
0.000497
0.000473
0.000756
0.000485
0.001252
0.000745
0.001054
0.000481
0.001109
0.000574
0.001249
0.000471
0.000499
0.000470
0.000470
0.000476
0.000482
0.000709
0.000479
0.000744
0.000488
0.000805
0.000486
0.000491
0.000497
0.000474
0.000484
0.000502
0.000872
0.000511
0.001176
0.000526
0.000489
0.000471
0.000477
0.000478
0.000481
0.000602
0.001183
0.000497
0.000773
0.001298
0.000479
0.000502
0.000488
0.000516
0.000474
0.000479
0.000475
0.000495
0.000503
0.000848
0.000475
0.000481
0.000471
0.000475
0.000472
0.000506
0.000490
0.000484
0.000472
0.000476
0.000493
0.000477
0.000766
0.000490
0.000475
0.000481
0.000471
0.000475
0.000490
0.000479
0.000472
0.000482
0.000471
0.001204
0.000474
0.000471
0.000477
0.000542
0.000840
0.000478
0.000866
0.001057
0.000475
0.000500
0.000486
0.000474
0.000483
0.000482
0.000707
0.000942
0.000475
0.000474
0.000476
0.000572
0.000486
0.000475
0.000487
0.000500
0.000474
0.000471
0.000556
0.000476
0.000474
0.000477
0.000474
0.000471
0.000478
0.001091
0.000476
0.000514
0.000502
0.001075
0.000751
0.000476
0.000478
0.000501
0.000474
0.000484
0.000474
0.000489
0.000476
0.000483
0.000491
0.001204
0.000474
0.000475
0.000478
0.000472
0.000488
0.000474
0.000470
0.000522
0.000869
0.000488
0.000470
0.000472
0.000478
0.000510
0.000478
0.000475
0.000506
0.000485
0.000539
0.000470
0.000480
0.000492
0.000474
0.000851
0.000475
0.000475
0.000483
0.000486
0.000475
0.000487
0.000474
0.001040
0.000492
0.000479
0.000478
0.000478
0.000475
0.000470
0.000488
0.000474
0.000480
0.000474
0.000476
0.000473
0.000516
0.000475
0.000484
0.000486
0.001055
0.000477
0.000508
0.000502
0.000467
0.000474
0.000487
0.000508
0.001121
0.000479
0.000484
0.001239
0.000476
0.000489
0.000474
0.000470
0.000492
0.000483
0.000483
0.000471
0.000474
0.000483
0.000472
0.000486
0.000485
0.000511
0.000472
0.000478
0.000500
0.000484
0.000483
0.000473
0.000489
0.000469
0.000481
0.000473
0.000488
0.000509
0.001265
0.000480
0.000509
0.000480
0.000495
0.000505
0.001089
0.001342
0.000470
0.000488
0.001048
0.000691
0.001263
0.000490
0.000481
0.000492
0.000494
0.000886
0.000590
0.001141
0.000479
0.000490
0.000483
0.000861
0.000737
0.000494
0.000473
0.000615
0.000478
0.000473
0.000480
0.000499
0.000755
0.000501
0.000830
0.000478
0.000483
0.000470
0.000478
0.000488
0.000765
0.000472
0.000886
0.000516
0.001026
0.000485
0.001157
0.000601
0.000721
0.000478
0.000848
0.000554
0.000485
0.000498
0.000911
0.000485
0.000772
0.000480
0.000975
0.000479
0.000530
0.000476
0.000797
0.000618
0.001118
0.000486
0.000802
0.000483
0.000489
0.000474
0.000488
0.000489
0.000477
0.000774
0.000521
0.000484
0.001002
0.000604
0.001232
0.000647
0.001369
0.000490
0.001015
0.000475
0.000487
0.000693
0.000471
0.000479
0.000474
0.000485
0.000942
0.000628
0.000474
0.000476
0.000479
0.000757
0.000476
0.000486
0.000686
0.000477
0.000512
0.000474
0.000487
0.000509
0.000510
0.000671
0.000620
0.000490
0.000646
0.000626
0.001025
0.000908
0.000478
0.000516
0.000734
0.000539
0.000478
0.000976
0.000704
0.001260
0.000486
0.000498
0.000482
0.000807
0.000768
0.001156
0.000474
0.000472
0.000484
0.000491
0.000487
0.000480
0.000836
0.000597
0.000477
0.000738
0.000605
0.000478
0.000626
0.000470
0.000480
0.000476
0.000501
0.000476
0.000909
0.000530
0.000486
0.000484
0.000548
0.000505
0.001574
0.000480
0.000480
0.000507
0.000821
0.000634
0.001066
0.000478
0.000996
0.000691
0.000488
0.000488
0.000678
0.000473
0.000478
0.000474
0.000477
0.001015
0.000711
0.000475
0.000473
0.000478
0.000474
0.000476
0.000492
0.001028
0.000955
0.001034
0.000473
0.000493
0.000470
0.000473
0.000477
0.000470
0.000480
0.000470
0.000474
0.000514
0.000478
0.000485
0.000470
0.000486
0.000469
0.000470
0.000474
0.000479
0.000478
0.000474
0.000474
0.000650
0.001220
0.000473
0.000486
0.000494
0.000485
0.000478
0.000469
0.000488
0.000532
0.000480
0.000474
0.000491
0.000746
0.000495
0.000504
0.000490
0.000481
0.000483
0.000474
0.000474
0.000487
0.000475
0.000479
0.000475
0.000498
0.000729
0.000523
0.000474
0.000491
0.000470
0.000478
0.000477
0.000478
0.000502
0.000476
0.000474
0.000474
0.000484
0.000474
0.000911
0.000536
0.000514
0.000480
0.000738
0.000484
0.000480
0.000484
0.000472
0.000478
0.000490
0.000986
0.000740
0.000492
0.000661
0.000474
0.000475
0.000484
0.000519
0.001016
0.000470
0.000479
0.000476
0.000584
0.000490
0.000865
0.001053
0.001237
0.000482
0.001186
0.000826
0.000517
0.000918
0.001219
0.000484
0.000478
0.000474
0.000747
0.000479
0.000480
0.000475
0.000497
0.000479
0.000944
0.000481
0.000473
0.000666
0.000503
0.000484
0.000487
0.000947
0.000475
0.000483
0.000484
0.000791
0.000946
0.000478
0.000490
0.000485
0.000479
0.000891
0.000632
0.001314
0.000481
0.000486
0.000616
0.000495
0.000484
0.000475
0.000959
0.000473
0.001000
0.000476
0.000485
0.000481
0.000564
0.000476
0.001066
0.000947
0.000478
0.000545
0.000475
0.000483
0.000790
0.000469
0.000474
0.000477
0.000487
0.000474
0.000520
0.000484
0.000484
0.000479
0.000482
0.000477
0.000472
0.000489
0.000471
0.000475
0.000723
0.000476
0.000468
0.000484
0.000470
0.000483
0.000474
0.000645
0.000723
0.000515
0.000474
0.000475
0.000467
0.000486
0.000476
0.000486
0.000494
0.000475
0.001077
0.000518
0.000499
0.000488
0.000474
0.000504
0.001438
0.000474
0.000496
0.001082
0.000483
0.000684
0.000776
0.000479
0.000491
0.000482
0.000479
0.000492
0.000551
0.000495
0.000494
0.000479
0.000488
0.000713
0.000477
0.000488
0.000472
0.001526
0.000684
0.000506
0.000514
0.000476
0.000479
0.000906
0.000596
0.000526
0.000478
0.000474
0.000502
0.000516
0.000478
0.000481
0.000471
0.000476
0.000475
0.000472
0.000478
0.000496
0.000473
0.000508
0.000484
0.000485
0.000479
0.000493
0.000493
0.000471
0.000477
0.000521
0.000484
0.000559
0.001063
0.000504
0.000485
0.000482
0.000478
0.000478
0.000475
0.000479
0.000519
0.000478
0.000478
0.000553
0.000464
0.000478
0.000501
0.000482
0.000503
0.000506
0.000498
0.000476
0.001439
0.000475
0.000495
0.000490
0.000826
0.000477
0.000489
0.000584
0.000486
0.000533
0.000473
0.000512
0.000485
0.000500
0.000487
0.000623
0.000494
0.000468
0.000479
0.000519
0.000480
0.000474
0.000505
0.000471
0.000483
0.000501
0.000506
0.001126
0.000478
0.000491
0.000470
0.000474
0.000481
0.000481
0.000474
0.000899
0.000608
0.000476
0.000490
0.000482
0.000505
0.000491
0.000471
0.000478
0.000993
0.000487
0.000493
0.000503
0.000489
0.000480
0.000539
0.000474
0.001361
0.000503
0.001034
0.000517
0.000477
0.000477
0.000474
0.000473
0.000482
0.000492
0.000836
0.000687
0.000511
0.000478
0.000479
0.000495
0.000512
0.000486
0.000475
0.000487
0.000472
0.000480
0.000470
0.000475
0.000863
0.000923
0.000475
0.000488
0.000475
0.000475
0.000487
0.000486
0.000475
0.000515
0.000492
0.000485
0.000482
0.000468
0.000508
0.000474
0.000474
0.000475
0.000479
0.001224
0.001115
0.000484
0.000532
0.000489
0.000519
0.000511
0.000477
0.000477
0.000478
0.000475
0.000485
0.000483
0.000473
0.000765
0.001059
0.000477
0.000472
0.001170
0.000973
0.000499
0.000483
0.000484
0.000473
0.000479
0.000529
0.000965
0.000475
0.000672
0.000487
0.000474
0.000485
0.000473
0.000495
0.000470
0.000485
0.000483
0.000492
0.000482
0.000474
0.000480
0.000490
0.000473
0.000499
0.000475
0.000477
0.000523
0.000487
0.000473
0.000893
0.000583
0.000475
0.001056
0.000831
0.000473
0.000495
0.000484
0.000479
0.000473
0.000484
0.000479
0.000479
0.000469
0.000474
0.000662
0.000493
0.000568
0.000470
0.000484
0.000477
0.000939
0.000475
0.000476
0.000489
0.000472
0.000488
0.000470
0.000473
0.000476
0.000469
0.000513
0.000504
0.000486
0.000476
0.000474
0.000473
0.000474
0.000474
0.000486
0.000474
0.000484
0.001106
0.000496
0.000500
0.000777
0.000496
0.000470
0.000489
0.000477
0.000472
0.000477
0.000478
0.000494
0.001077
0.000483
0.000483
0.000503
0.000904
0.000496
0.000473
0.000485
0.000489
0.000486
0.000478
0.000504
0.000498
0.000485
0.000483
0.000477
0.000468
0.000491
0.000471
0.000507
0.000475
0.000476
0.000486
0.000474
0.000485
0.000865
0.000488
0.000473
0.000475
0.000481
0.000477
0.000857
0.000506
0.000483
0.000488
0.000474
0.000515
0.000475
0.000470
0.000479
0.000473
0.001061
0.001042
0.000470
0.000746
0.000563
0.000476
0.000484
0.000524
0.000473
0.000659
0.000478
0.000476
0.000474
0.000509
0.000872
0.000505
0.000556
0.000485
0.000596
0.000484
0.000482
0.000477
0.000478
0.000487
0.000501
0.000482
0.000477
0.000477
0.000480
0.000476
0.000489
0.000535
0.000489
0.000500
0.001226
0.000489
0.000977
0.000474
0.000473
0.000473
0.000500
0.000486
0.000479
0.000474
0.000476
0.000473
0.000477
0.000489
0.000474
0.000487
0.000505
0.000479
0.000478
0.000472
0.000474
0.000478
0.000475
0.000493
0.000501
0.000791
0.000483
0.000498
0.000488
0.000501
0.000490
0.000488
0.000487
0.000477
0.000507
0.000474
0.000512
0.000472
0.000476
0.000475
0.000470
0.000475
0.000515
0.000478
0.000482
0.001414
0.000632
0.000469
0.000471
0.000474
0.000473
0.000485
0.000479
0.000483
0.000470
0.000489
0.000475
0.000498
0.000475
0.000474
0.000489
0.001180
0.000481
0.000475
0.000476
0.000913
0.000520
0.000479
0.000568
0.000473
0.000478
0.000466
0.000468
0.000474
0.000473
0.000483
0.000477
0.000478
0.000480
0.000471
0.000474
0.000473
0.000491
0.000477
0.000512
0.000484
0.000485
0.000476
0.000490
0.000473
0.000488
0.000478
0.000505
0.000475
0.000476
0.000475
0.000474
0.000480
0.000475
0.000473
0.000477
0.000488
0.000478
0.000476
0.000484
0.000474
0.000506
0.000481
0.000490
0.000488
0.000494
0.000481
0.000476
0.000474
0.000478
0.000510
0.000475
0.000474
0.000504
0.000489
0.000475
0.000491
0.000482
0.000479
0.000483
0.000520
0.000473
0.000479
0.000487
0.000488
0.000488
0.000473
0.000475
0.000483
0.000485
0.000476
0.000688
0.000504
0.000696
0.000489
0.000475
0.000490
0.000478
0.000498
0.000490
0.000475
0.000961
0.000479
0.000488
0.000475
0.000476
0.000474
0.000482
0.000478
0.001086
0.000503
0.000514
0.000726
0.000479
0.000475
0.000477
0.000495
0.001015
0.000469
0.000487
0.000525
0.000508
0.000567
0.000509
0.000499
0.000488
0.000475
0.000519
0.000486
0.000495
0.000475
0.000491
0.000486
0.000490
0.000481
0.000470
0.000507
0.000496
0.000499
0.000854
0.001081
0.000474
0.000473
0.000474
0.000498
0.000490
0.001103
0.000483
0.000474
0.000468
0.000503
0.000478
0.000491
0.000476
0.000705
0.000508
0.000470
0.000804
0.000471
0.000476
0.000474
0.000470
0.000478
0.000475
0.000480
0.000480
0.000491
0.000487
0.000475
0.000496
0.000474
0.000510
0.000482
0.000484
0.000513
0.000474
0.000469
0.000479
0.000495
0.001041
0.001122
0.000471
0.000516
0.000478
0.000474
0.000901
0.000496
0.000480
0.000484
0.001114
0.000522
0.000468
0.000480
0.000471
0.000478
0.000491
0.000473
0.000474
0.001096
0.000979
0.000486
0.000483
0.000470
0.000502
0.000503
0.000478
0.001112
0.000488
0.000480
0.000512
0.000748
0.000502
0.000476
0.000488
0.000475
0.000493
0.000471
0.000475
0.000474
0.000519
0.000519
0.000474
0.001003
0.000808
0.000488
0.000472
0.000490
0.000473
0.000488
0.000480
0.000476
0.000475
0.000511
0.000480
0.000477
0.001019
0.000494
0.000496
0.000475
0.000473
0.001200
0.000663
0.000490
0.000481
0.000482
0.000478
