0.000398
0.000674
0.000599
0.000261
0.000256
0.000253
0.000253
0.000264
0.000298
0.000710
0.000256
0.000282
0.000253
0.000253
0.000265
0.000254
0.000253
0.000253
0.000253
0.000259
0.000271
0.000287
0.000258
0.000258
0.000259
0.000254
0.000308
0.000572
0.000278
0.000253
0.000252
0.000253
0.000257
0.000290
0.000277
0.000541
0.000259
0.000255
0.000257
0.000256
0.000261
0.000254
0.000255
0.000275
0.000268
0.000259
0.000577
0.000267
0.000261
0.000260
0.000567
0.000260
0.000253
0.000272
0.000264
0.000569
0.000257
0.000259
0.000499
0.000290
0.000256
0.000255
0.000547
0.000738
0.000262
0.000260
0.000255
0.000255
0.000289
0.000260
0.000256
0.000264
0.000253
0.000253
0.000258
0.000447
0.000691
0.000246
0.000297
0.000260
0.000253
0.000253
0.000259
0.000257
0.000252
0.000271
0.000256
0.000254
0.000269
0.000267
0.000258
0.000258
0.000254
0.000260
0.000256
0.000254
0.000253
0.000262
0.000254
0.000251
0.000347
0.000583
0.000334
0.000507
0.000261
0.000255
0.000253
0.000266
0.000253
0.000253
0.000253
0.000685
0.000310
0.000287
0.000254
0.000256
0.000597
0.000749
0.000279
0.000410
0.000256
0.000255
0.000291
0.000257
0.000257
0.000257
0.000290
0.000256
0.000258
0.000578
0.000257
0.000263
0.000588
0.000575
0.000258
0.000262
0.000256
0.000254
0.000254
0.000584
0.000256
0.000262
0.000282
0.000433
0.000254
0.000263
0.000257
0.000254
0.000567
0.000256
0.000261
0.000547
0.000259
0.000261
0.000255
0.000255
0.000257
0.000254
0.000255
0.000331
0.000260
0.000254
0.000261
0.000646
0.000254
0.000263
0.000252
0.000253
0.000270
0.000263
0.000261
0.000292
0.000262
0.000692
0.000255
0.000254
0.000410
0.000259
0.000443
0.000358
0.000575
0.000255
0.000262
0.000257
0.000459
0.000253
0.000254
0.000252
0.000265
0.000271
0.000257
0.000263
0.000261
0.000301
0.000262
0.000459
0.000258
0.000256
0.000253
0.000254
0.000303
0.000588
0.000279
0.000260
0.000718
0.000256
0.000257
0.000256
0.000256
0.000253
0.000255
0.000273
0.000255
0.000257
0.000255
0.000258
0.000260
0.000257
0.000262
0.000264
0.000254
0.000256
0.000269
0.000553
0.000260
0.000257
0.000488
0.000258
0.000590
0.000260
0.000254
0.000273
0.000256
0.000420
0.000258
0.000261
0.000254
0.000257
0.000260
0.000254
0.000577
0.000258
0.000256
0.000322
0.000659
0.000253
0.000739
0.000262
0.000265
0.000606
0.000262
0.000261
0.000256
0.000264
0.000257
0.000254
0.000257
0.000261
0.000255
0.000254
0.000253
0.000255
0.000247
0.000260
0.000270
0.000254
0.000255
0.000264
0.000258
0.000256
0.000254
0.000261
0.000572
0.000260
0.000254
0.000255
0.000497
0.000568
0.000261
0.000257
0.000259
0.000254
0.000257
0.000253
0.000256
0.000256
0.000261
0.000276
0.000270
0.000256
0.000253
0.000256
0.000291
0.000268
0.000584
0.000400
0.000257
0.000261
0.000257
0.000268
0.000273
0.000257
0.000253
0.000276
0.000255
0.000257
0.000254
0.000711
0.000260
0.000259
0.000257
0.000262
0.000256
0.000255
0.000259
0.000259
0.000254
0.000256
0.000257
0.000253
0.000261
0.000300
0.000404
0.000598
0.000367
0.000258
0.000254
0.000257
0.000597
0.000263
0.000279
0.000255
0.000294
0.000409
0.000478
0.000261
0.000259
0.000260
0.000259
0.000291
0.000262
0.000252
0.000267
0.000255
0.000361
0.000424
0.000604
0.000253
0.000267
0.000292
0.000289
0.000292
0.000255
0.000256
0.000285
0.000261
0.000291
0.000261
0.000256
0.000563
0.000568
0.000265
0.000571
0.000585
0.000254
0.000255
0.000264
0.000586
0.000265
0.000259
0.000260
0.000256
0.000364
0.000745
0.000331
0.000398
0.000590
0.000292
0.000587
0.000381
0.000253
0.000258
0.000632
0.000676
0.000262
0.000264
0.000283
0.000569
0.000392
0.000259
0.000254
0.000253
0.000473
0.000590
0.000260
0.000481
0.000727
0.000253
0.000573
0.000731
0.000671
0.000439
0.000299
0.000658
0.000261
0.000254
0.000262
0.000586
0.000267
0.000506
0.000258
0.000520
0.000260
0.000570
0.000529
0.000572
0.000571
0.000260
0.000256
0.000569
0.000589
0.000256
0.000568
0.000497
0.000296
0.000263
0.000265
0.000257
0.000538
0.000254
0.000573
0.000254
0.000262
0.000256
0.000366
0.000285
0.000270
0.000262
0.000257
0.000257
0.000757
0.000257
0.000253
0.000254
0.000256
0.000266
0.000259
0.000256
0.000263
0.000265
0.000253
0.000255
0.000254
0.000290
0.000275
0.000256
0.000257
0.000258
0.000571
0.000255
0.000262
0.000263
0.000260
0.000584
0.000276
0.000732
0.000307
0.000257
0.000521
0.000261
0.000265
0.000257
0.000272
0.000536
0.000530
0.000257
0.000752
0.000257
0.000259
0.000255
0.000505
0.000256
0.000257
0.000281
0.000566
0.000254
0.000601
0.000419
0.000622
0.000260
0.000258
0.000762
0.000367
0.000259
0.000264
0.000260
0.000262
0.000254
0.000263
0.000264
0.000262
0.000256
0.000266
0.000253
0.000260
0.000260
0.000258
0.000291
0.000721
0.000783
0.000564
0.000571
0.000257
0.000253
0.000272
0.000261
0.000255
0.000265
0.000734
0.000570
0.000258
0.000589
0.000733
0.000577
0.000511
0.000254
0.000265
0.000623
0.000301
0.000569
0.000784
0.000259
0.000543
0.000734
0.000255
0.000264
0.000256
0.000586
0.000532
0.000261
0.000322
0.000262
0.000318
0.000276
0.000259
0.000257
0.000264
0.000767
0.000253
0.000597
0.000261
0.000262
0.000254
0.000254
0.000290
0.000254
0.000572
0.000261
0.000738
0.000737
0.000450
0.000744
0.000260
0.000260
0.000254
0.000254
0.000703
0.000574
0.000460
0.000649
0.000735
0.000699
0.000728
0.000256
0.000253
0.000325
0.000261
0.000264
0.000293
0.000263
0.000257
0.000256
0.000566
0.000262
0.000637
0.000258
0.000384
0.000258
0.000256
0.000262
0.000255
0.000258
0.000864
0.000737
0.000257
0.000748
0.000282
0.000267
0.000259
0.000556
0.000259
0.000638
0.000261
0.000256
0.000265
0.000266
0.000270
0.000565
0.000474
0.000765
0.000261
0.000254
0.000254
0.000254
0.000305
0.000574
0.000592
0.000257
0.000262
0.000723
0.000256
0.000256
0.000254
0.000258
0.000451
0.000380
0.000701
0.000768
0.000262
0.000595
0.000261
0.000327
0.000494
0.000298
0.000257
0.000255
0.000254
0.000266
0.000607
0.000713
0.000260
0.000259
0.000263
0.000260
0.000594
0.000256
0.000255
0.000256
0.000275
0.000260
0.000258
0.000261
0.000261
0.000725
0.000258
0.000263
0.000260
0.000255
0.000255
0.000259
0.000256
0.000258
0.000254
0.000300
0.000253
0.000536
0.000262
0.000260
0.000571
0.000576
0.000258
0.000612
0.000599
0.000256
0.000568
0.000258
0.000572
0.000466
0.000331
0.000718
0.000566
0.000473
0.000266
0.000592
0.000263
0.000636
0.000254
0.000594
0.000258
0.000258
0.000560
0.000269
0.000256
0.000268
0.000257
0.000258
0.000607
0.000272
0.000258
0.000265
0.000254
0.000474
0.000260
0.000584
0.000265
0.000636
0.000293
0.000255
0.000406
0.000411
0.000274
0.000764
0.000257
0.000253
0.000261
0.000255
0.000260
0.000257
0.000253
0.000258
0.000299
0.000256
0.000570
0.000257
0.000255
0.000254
0.000533
0.000257
0.000257
0.000260
0.000256
0.000253
0.000569
0.000259
0.000569
0.000257
0.000260
0.000545
0.000613
0.000256
0.000253
0.000496
0.000581
0.000268
0.000256
0.000257
0.000254
0.000256
0.000578
0.000589
0.000602
0.000573
0.000265
0.000257
0.000259
0.000255
0.000254
0.000261
0.000260
0.000253
0.000596
0.000575
0.000296
0.000260
0.000263
0.000254
0.000257
0.000256
0.000297
0.000289
0.000294
0.000255
0.000256
0.000253
0.000457
0.000256
0.000270
0.000262
0.000254
0.000259
0.000258
0.000421
0.000263
0.000489
0.000507
0.000567
0.000259
0.000261
0.000571
0.000262
0.000253
0.000254
0.000259
0.000261
0.000260
0.000258
0.000326
0.000257
0.000254
0.000254
0.000508
0.000260
0.000274
0.000253
0.000591
0.000280
0.000257
0.000277
0.000267
0.000569
0.000257
0.000256
0.000257
0.000452
0.000298
0.000289
0.000575
0.000260
0.000256
0.000275
0.000291
0.000258
0.000262
0.000258
0.000571
0.000519
0.000275
0.000260
0.000258
0.000256
0.000253
0.000261
0.000673
0.000265
0.000574
0.000499
0.000339
0.000252
0.000256
0.000262
0.000574
0.000254
0.000257
0.000262
0.000266
0.000493
0.000254
0.000256
0.000252
0.000257
0.000262
0.000259
0.000732
0.000255
0.000255
0.000545
0.000264
0.000447
0.000261
0.000752
0.000256
0.000595
0.000266
0.000589
0.000304
0.000567
0.000260
0.000692
0.000261
0.000256
0.000772
0.000349
0.000261
0.000256
0.000258
0.000255
0.000299
0.000333
0.000253
0.000528
0.000284
0.000257
0.000519
0.000716
0.000263
0.000753
0.000369
0.000254
0.000482
0.000357
0.000255
0.000257
0.000272
0.000567
0.000262
0.000293
0.000275
0.000268
0.000770
0.000254
0.000326
0.000263
0.000257
0.000258
0.000569
0.000281
0.000256
0.000253
0.000552
0.000260
0.000267
0.000255
0.000254
0.000256
0.000254
0.000475
0.000288
0.000257
0.000260
0.000258
0.000268
0.000432
0.000265
0.000256
0.000257
0.000258
0.000257
0.000254
0.000253
0.000262
0.000592
0.000256
0.000259
0.000259
0.000260
0.000257
0.000257
0.000256
0.000248
0.000316
0.000250
0.000255
0.000306
0.000276
0.000270
0.000255
0.000252
0.000268
0.000251
0.000260
0.000253
0.000255
0.000517
0.000415
0.000656
0.000261
0.000294
0.000257
0.000265
0.000253
0.000254
0.000264
0.000262
0.000296
0.000256
0.000570
0.000254
0.000621
0.000259
0.000731
0.000507
0.000260
0.000261
0.000254
0.000255
0.000581
0.000264
0.000262
0.000266
0.000254
0.000266
0.000276
0.000817
0.000729
0.000707
0.000737
0.000257
0.000260
0.000256
0.000255
0.000253
0.000263
0.000307
0.000253
0.000499
0.000395
0.000255
0.000256
0.000262
0.000253
0.000257
0.000253
0.000574
0.000593
0.000253
0.000290
0.000279
0.000262
0.000263
0.000274
0.000257
0.000253
0.000274
0.000259
0.000256
0.000256
0.000258
0.000255
0.000259
0.000256
0.000260
0.000254
0.000266
0.000260
0.000257
0.000252
0.000253
0.000256
0.000255
0.000253
0.000256
0.000254
0.000253
0.000253
0.000254
0.000264
0.000253
0.000252
0.000282
0.000253
0.000253
0.000265
0.000252
0.000257
0.000252
0.000254
0.000688
0.000260
0.000256
0.000267
0.000253
0.000289
0.000253
0.000289
0.000753
0.000773
0.000254
0.000260
0.000286
0.000253
0.000253
0.000257
0.000258
0.000574
0.000268
0.000736
0.000253
0.000253
0.000255
0.000254
0.000253
0.000264
0.000271
0.000253
0.000261
0.000258
0.000257
0.000263
0.000260
0.000260
0.000255
0.000386
0.000254
0.000257
0.000259
0.000252
0.000254
0.000260
0.000255
0.000585
0.000257
0.000564
0.000262
0.000259
0.000252
0.000253
0.000252
0.000252
0.000254
0.000255
0.000254
0.000260
0.000259
0.000267
0.000252
0.000253
0.000264
0.000267
0.000262
0.000523
0.000263
0.000259
0.000252
0.000255
0.000262
0.000254
0.000255
0.000255
0.000256
0.000252
0.000286
0.000253
0.000253
0.000294
0.000255
0.000254
0.000253
0.000252
0.000252
0.000260
0.000275
0.000256
0.000251
0.000260
0.000253
0.000253
0.000256
0.000253
0.000261
0.000255
0.000264
0.000290
0.000256
0.000257
0.000255
0.000263
0.000254
0.000252
0.000269
0.000259
0.000261
0.000253
0.000252
0.000261
0.000254
0.000359
0.000261
0.000255
0.000253
0.000252
0.000254
0.000253
0.000257
0.000255
0.000252
0.000256
0.000255
0.000253
0.000257
0.000253
0.000253
0.000261
0.000258
0.000281
0.000254
0.000260
0.000255
0.000256
0.000254
0.000255
0.000253
0.000253
0.000272
0.000259
0.000262
0.000259
0.000261
0.000264
0.000254
0.000255
0.000272
0.000274
0.000260
0.000255
0.000265
0.000257
0.000256
0.000254
0.000254
0.000272
0.000257
0.000259
0.000258
0.000292
0.000290
0.000255
0.000255
0.000253
0.000255
0.000256
0.000253
0.000258
0.000261
0.000260
0.000256
0.000252
0.000279
0.000262
0.000252
0.000261
0.000260
0.000254
0.000253
0.000262
0.000255
0.000260
0.000339
0.000256
0.000255
0.000253
0.000258
0.000252
0.000255
0.000256
0.000253
0.000255
0.000255
0.000262
0.000257
0.000251
0.000258
0.000255
0.000261
0.000257
0.000255
0.000256
0.000252
0.000253
0.000255
0.000259
0.000255
0.000259
0.000264
0.000266
0.000260
0.000252
0.000254
0.000254
0.000259
0.000253
0.000261
0.000261
0.000259
0.000276
0.000262
0.000257
0.000260
0.000253
0.000253
0.000259
0.000570
0.000607
0.000255
0.000263
0.000264
0.000258
0.000260
0.000258
0.000272
0.000264
0.000253
0.000252
0.000263
0.000255
0.000255
0.000291
0.000257
0.000542
0.000253
0.000275
0.000259
0.000257
0.000588
0.000263
0.000253
0.000253
0.000252
0.000262
0.000258
0.000252
0.000291
0.000256
0.000258
0.000256
0.000259
0.000249
0.000256
0.000268
0.000253
0.000251
0.000253
0.000253
0.000255
0.000253
0.000259
0.000260
0.000451
0.000265
0.000254
0.000272
0.000256
0.000253
0.000282
0.000255
0.000255
0.000253
0.000260
0.000266
0.000252
0.000286
0.000260
0.000253
0.000256
0.000262
0.000262
0.000252
0.000254
0.000253
0.000256
0.000254
0.000252
0.000258
0.000258
0.000265
0.000260
0.000260
0.000277
0.000253
0.000256
0.000257
0.000290
0.000254
0.000291
0.000253
0.000253
0.000263
0.000254
0.000252
0.000256
0.000254
0.000719
0.000737
0.000255
0.000272
0.000300
0.000652
0.000253
0.000253
0.000260
0.000256
0.000261
0.000256
0.000261
0.000252
0.000252
0.000255
0.000265
0.000256
0.000273
0.000257
0.000255
0.000260
0.000261
0.000260
0.000275
0.000255
0.000260
0.000255
0.000260
0.000255
0.000287
0.000255
0.000252
0.000257
0.000273
0.000255
0.000268
0.000254
0.000252
0.000257
0.000258
0.000255
0.000254
0.000253
0.000254
0.000262
0.000255
0.000293
0.000256
0.000252
0.000299
0.000258
0.000262
0.000262
0.000252
0.000262
0.000255
0.000254
0.000254
0.000253
0.000253
0.000255
0.000253
0.000254
0.000573
0.000697
0.000295
0.000260
0.000295
0.000252
0.000252
0.000254
0.000253
0.000261
0.000267
0.000415
0.000262
0.000252
0.000253
0.000257
0.000257
0.000255
0.000262
0.000274
0.000260
0.000254
0.000253
0.000255
0.000255
0.000411
0.000252
0.000257
0.000255
0.000253
0.000257
0.000739
0.000255
0.000252
0.000306
0.000579
0.000264
0.000253
0.000252
0.000322
0.000253
0.000253
0.000766
0.000257
0.000256
0.000252
0.000254
0.000253
0.000253
0.000503
0.000256
0.000258
0.000252
0.000254
0.000258
0.000591
0.000368
0.000253
0.000260
0.000255
0.000256
0.000271
0.000253
0.000253
0.000256
0.000264
0.000263
0.000256
0.000275
0.000257
0.000254
0.000258
0.000258
0.000255
0.000252
0.000570
0.000277
0.000256
0.000254
0.000260
0.000256
0.000253
0.000261
0.000260
0.000255
0.000258
0.000263
0.000256
0.000254
0.000253
0.000256
0.000254
0.000306
0.000332
0.000255
0.000258
0.000254
0.000254
0.000259
0.000531
0.000259
0.000258
0.000261
0.000260
0.000263
0.000434
0.000262
0.000253
0.000274
0.000260
0.000263
0.000336
0.000270
0.000594
0.000258
0.000278
0.000253
0.000286
0.000253
0.000255
0.000254
0.000269
0.000257
0.000256
0.000748
0.000255
0.000256
0.000263
0.000254
0.000253
0.000253
0.000258
0.000253
0.000258
0.000258
0.000265
0.000256
0.000391
0.000682
0.000597
0.000738
0.000263
0.000255
0.000252
0.000571
0.000429
0.000575
0.000582
0.000738
0.000275
0.000254
0.000261
0.000294
0.000254
0.000263
0.000256
0.000608
0.000264
0.000262
0.000255
0.000257
0.000261
0.000253
0.000253
0.000258
0.000253
0.000256
0.000254
0.000262
0.000253
0.000263
0.000258
0.000261
0.000255
0.000256
0.000262
0.000573
0.000265
0.000260
0.000256
0.000262
0.000262
0.000293
0.000255
0.000260
0.000259
0.000467
0.000567
0.000260
0.000255
0.000254
0.000259
0.000254
0.000257
0.000256
0.000256
0.000254
0.000255
0.000290
0.000263
0.000264
0.000257
0.000253
0.000254
0.000254
0.000270
0.000254
0.000262
0.000254
0.000254
0.000260
0.000260
0.000254
0.000254
0.000253
0.000256
0.000254
0.000263
0.000255
0.000255
0.000737
0.000266
0.000508
0.000259
0.000256
0.000253
0.000257
0.000253
0.000257
0.000258
0.000254
0.000256
0.000259
0.000253
0.000261
0.000262
0.000264
0.000261
0.000356
0.000263
0.000257
0.000261
0.000254
0.000556
0.000258
0.000255
0.000273
0.000254
0.000259
0.000253
0.000255
0.000258
0.000253
0.000276
0.000253
0.000259
0.000254
0.000263
0.000252
0.000259
0.000316
0.000264
0.000454
0.000254
0.000260
0.000591
0.000254
0.000256
0.000267
0.000257
0.000253
0.000271
0.000257
0.000261
0.000435
0.000654
0.000259
0.000255
0.000255
0.000259
0.000262
0.000422
0.000254
0.000254
0.000284
0.000259
0.000255
0.000267
0.000255
0.000263
0.000257
0.000257
0.000265
0.000256
0.000254
0.000254
0.000266
0.000256
0.000253
0.000252
0.000260
0.000254
0.000266
0.000252
0.000261
0.000259
0.000257
0.000259
0.000257
0.000258
0.000255
0.000258
0.000257
0.000248
0.000255
0.000262
0.000255
0.000254
0.000255
0.000254
0.000254
0.000519
0.000259
0.000259
0.000258
0.000254
0.000253
0.000257
0.000265
0.000253
0.000253
0.000320
0.000257
0.000306
0.000268
0.000767
0.000257
0.000253
0.000277
0.000253
0.000261
0.000262
0.000266
0.000258
0.000261
0.000252
0.000255
0.000259
0.000266
0.000255
0.000255
0.000254
0.000258
0.000254
0.000259
0.000315
0.000257
0.000253
0.000258
0.000381
0.000566
0.000255
0.000255
0.000253
0.000266
0.000266
0.000256
0.000253
0.000259
0.000258
0.000252
0.000255
0.000257
0.000258
0.000253
0.000261
0.000258
0.000256
0.000256
0.000259
0.000254
0.000260
0.000260
0.000257
0.000288
0.000254
0.000262
0.000257
0.000570
0.000756
0.000262
0.000257
0.000256
0.000253
0.000255
0.000254
0.000290
0.000254
0.000262
0.000259
0.000264
0.000252
0.000254
0.000261
0.000260
0.000257
0.000253
0.000253
0.000257
0.000274
0.000258
0.000263
0.000259
0.000595
0.000698
0.000254
0.000252
0.000277
0.000255
0.000265
0.000254
0.000261
0.000253
0.000256
0.000254
0.000256
0.000256
0.000274
0.000254
0.000255
0.000256
0.000257
0.000258
0.000264
0.000262
0.000260
0.000258
0.000254
0.000257
0.000257
0.000252
0.000254
0.000255
0.000253
0.000275
0.000256
0.000253
0.000310
0.000265
0.000257
0.000253
0.000255
0.000254
0.000253
0.000256
0.000253
0.000253
0.000257
0.000254
0.000255
0.000253
0.000252
0.000254
0.000258
0.000321
0.000253
0.000253
0.000262
0.000253
0.000255
0.000255
0.000256
0.000261
0.000256
0.000263
0.000261
0.000256
0.000265
0.000294
0.000255
0.000253
0.000254
0.000261
0.000264
0.000251
0.000256
0.000253
0.000253
0.000260
0.000252
0.000262
0.000570
0.000584
0.000263
0.000604
0.000273
0.000254
0.000258
0.000254
0.000259
0.000256
0.000254
0.000272
0.000252
0.000252
0.000256
0.000259
0.000256
0.000257
0.000279
0.000259
0.000262
0.000258
0.000571
0.000712
0.000257
0.000252
0.000256
0.000262
0.000262
0.000252
0.000257
0.000265
0.000254
0.000255
0.000255
0.000262
0.000262
0.000259
0.000263
0.000253
0.000267
0.000266
0.000254
0.000254
0.000255
0.000256
0.000264
0.000254
0.000255
0.000254
0.000261
0.000256
0.000271
0.000255
0.000254
0.000259
0.000252
0.000256
0.000258
0.000254
0.000255
0.000257
0.000256
0.000254
0.000251
0.000256
0.000254
0.000253
0.000260
0.000254
0.000256
0.000254
0.000256
0.000283
0.000259
0.000259
0.000255
0.000256
0.000255
0.000252
0.000268
0.000258
0.000262
0.000254
0.000252
