0.001482
0.000581
0.000778
0.000738
0.000989
0.000580
0.000929
0.000689
0.000581
0.001288
0.001507
0.000577
0.000576
0.000574
0.000570
0.000573
0.000608
0.000591
0.000711
0.000574
0.001130
0.000572
0.000577
0.000589
0.000591
0.001176
0.000679
0.001412
0.000707
0.000611
0.000571
0.000591
0.000591
0.000882
0.000583
0.001115
0.000569
0.000578
0.000570
0.000581
0.000570
0.000575
0.000568
0.000609
0.000580
0.000575
0.000570
0.000574
0.000575
0.000583
0.000578
0.000586
0.000580
0.000576
0.000593
0.000596
0.000700
0.001056
0.000575
0.000579
0.000580
0.000578
0.000586
0.000591
0.000596
0.001189
0.001106
0.001045
0.000576
0.000589
0.000578
0.000568
0.000777
0.000574
0.000578
0.000579
0.000588
0.000581
0.000591
0.000569
0.000595
0.000606
0.000609
0.000580
0.000578
0.000576
0.000577
0.000606
0.000575
0.000580
0.000598
0.000586
0.000590
0.000619
0.000581
0.000631
0.000576
0.000573
0.000606
0.000570
0.000960
0.001093
0.000578
0.000569
0.000588
0.000582
0.000619
0.000575
0.000587
0.000578
0.000569
0.000577
0.000569
0.000587
0.000611
0.000595
0.000579
0.000578
0.000588
0.000602
0.000607
0.000578
0.000605
0.000576
0.000606
0.001084
0.000579
0.000575
0.000621
0.000572
0.000579
0.000580
0.000586
0.000571
0.000575
0.000586
0.001029
0.000598
0.000604
0.000578
0.000608
0.000586
0.000573
0.000621
0.000568
0.000579
0.001038
0.000599
0.000574
0.000613
0.001083
0.000589
0.000575
0.000576
0.000578
0.000605
0.000576
0.000592
0.001191
0.000586
0.000574
0.000569
0.000587
0.000617
0.000577
0.000581
0.000580
0.000570
0.000571
0.000587
0.000574
0.000579
0.000604
0.000575
0.000575
0.000573
0.000577
0.001037
0.000736
0.000570
0.000646
0.000577
0.000580
0.000574
0.000577
0.000960
0.000590
0.000575
0.000575
0.000597
0.000580
0.000603
0.000575
0.000593
0.000580
0.000574
0.000585
0.001273
0.000575
0.000602
0.001466
0.000571
0.000572
0.000578
0.000595
0.000614
0.000824
0.000618
0.000587
0.000572
0.000574
0.000573
0.000591
0.000584
0.000590
0.000578
0.000589
0.000576
0.000585
0.001262
0.000587
0.000592
0.000961
0.000577
0.000579
0.000589
0.000594
0.000573
0.000578
0.000578
0.001273
0.000575
0.000578
0.000586
0.000570
0.000591
0.000575
0.000593
0.000567
0.000574
0.000960
0.000577
0.000573
0.000582
0.001396
0.000575
0.000591
0.000574
0.000571
0.000571
0.000577
0.000579
0.000573
0.000576
0.000605
0.000580
0.000574
0.000584
0.000624
0.001321
0.000587
0.000578
0.000578
0.000642
0.000574
0.000580
0.000587
0.000573
0.000591
0.000571
0.000578
0.000586
0.000572
0.000575
0.000575
0.000573
0.000587
0.000578
0.000575
0.000593
0.001461
0.000576
0.000577
0.000569
0.000588
0.000586
0.000576
0.000575
0.000577
0.000578
0.000603
0.000587
0.000572
0.000570
0.000576
0.000607
0.000572
0.000609
0.000576
0.000574
0.000572
0.000587
0.000578
0.000585
0.000588
0.000588
0.000581
0.000568
0.000579
0.000589
0.000610
0.000594
0.000586
0.000609
0.000581
0.000586
0.000567
0.000576
0.000584
0.000575
0.000610
0.000598
0.000575
0.000578
0.000576
0.000573
0.000574
0.000576
0.000590
0.000591
0.000593
0.000591
0.000580
0.000583
0.000575
0.000579
0.000606
0.000596
0.000587
0.000613
0.000580
0.000592
0.000595
0.000602
0.000595
0.000588
0.000619
0.000580
0.000576
0.000572
0.000577
0.000586
0.000574
0.000576
0.000646
0.000575
0.000596
0.000579
0.000595
0.000588
0.000560
0.000623
0.000587
0.000596
0.000587
0.000590
0.000573
0.000575
0.000579
0.001287
0.000712
0.000943
0.000602
0.000588
0.000587
0.000768
0.001014
0.000573
0.000590
0.000590
0.000599
0.000589
0.000577
0.001326
0.000872
0.000577
0.000594
0.000586
0.001314
0.000742
0.000594
0.000897
0.000609
0.000745
0.000593
0.000593
0.000879
0.000605
0.000597
0.000578
0.000801
0.000574
0.000579
0.000571
0.000575
0.000579
0.000593
0.000574
0.000593
0.000579
0.000579
0.000786
0.000629
0.001222
0.000583
0.000578
0.000592
0.000573
0.000588
0.000755
0.000594
0.000578
0.000588
0.000577
0.000821
0.000989
0.000578
0.000583
0.000576
0.000598
0.000569
0.000859
0.000578
0.000734
0.001056
0.000576
0.000737
0.000602
0.000573
0.000574
0.000588
0.000575
0.000986
0.001105
0.000576
0.001514
0.000578
0.000769
0.000575
0.000592
0.000589
0.000871
0.000593
0.000600
0.000577
0.000569
0.000570
0.000575
0.000575
0.000895
0.000576
0.000597
0.000699
0.000694
0.001278
0.000644
0.001477
0.000702
0.000605
0.000584
0.000909
0.000572
0.000597
0.000600
0.000813
0.000580
0.001250
0.000586
0.000585
0.000902
0.000596
0.000573
0.000909
0.000590
0.000581
0.000586
0.000852
0.000582
0.000597
0.000577
0.000996
0.000671
0.000614
0.000580
0.000840
0.000596
0.000578
0.000745
0.000579
0.000588
0.001160
0.000615
0.001251
0.001315
0.000631
0.000644
0.000877
0.000592
0.000952
0.000765
0.000572
0.000962
0.000576
0.000601
0.000607
0.000572
0.000579
0.000589
0.000573
0.000595
0.000584
0.000976
0.000703
0.001566
0.000597
0.000587
0.000900
0.000705
0.000654
0.000575
0.000579
0.000603
0.000590
0.000845
0.000632
0.001173
0.001065
0.000579
0.000793
0.001122
0.000589
0.000862
0.001035
0.000589
0.001028
0.001700
0.000580
0.001346
0.001194
0.000576
0.001000
0.001160
0.000676
0.000962
0.001249
0.001062
0.000604
0.000986
0.000581
0.000599
0.000626
0.000610
0.001277
0.000587
0.000612
0.001144
0.000677
0.000979
0.000602
0.000922
0.001147
0.000588
0.000576
0.000713
0.001005
0.000612
0.001144
0.000887
0.000604
0.000621
0.000576
0.000576
0.000882
0.001110
0.000579
0.000847
0.000572
0.000621
0.000570
0.000894
0.000579
0.001004
0.000766
0.000615
0.000978
0.000612
0.000617
0.000584
0.000590
0.001357
0.000755
0.000595
0.000685
0.000983
0.001278
0.000586
0.001490
0.000570
0.000889
0.000583
0.000580
0.000592
0.000602
0.000932
0.000588
0.000605
0.000975
0.000578
0.000577
0.000583
0.000581
0.000646
0.000592
0.000934
0.000583
0.000699
0.001069
0.000603
0.000572
0.000595
0.001054
0.001327
0.000600
0.000593
0.000578
0.000810
0.000594
0.000803
0.000571
0.000713
0.001009
0.000574
0.000850
0.000582
0.000578
0.000890
0.000573
0.000584
0.000830
0.001048
0.000604
0.000576
0.000589
0.000608
0.000579
0.000618
0.000589
0.000574
0.000569
0.000576
0.000583
0.000582
0.000623
0.000579
0.000595
0.000607
0.000575
0.000572
0.000598
0.000580
0.001404
0.000671
0.000579
0.000850
0.000584
0.001002
0.000583
0.000936
0.000772
0.000600
0.000766
0.001053
0.000593
0.001008
0.000698
0.001248
0.000892
0.000841
0.001035
0.000580
0.001394
0.001713
0.000573
0.001429
0.000575
0.001291
0.000594
0.000968
0.000598
0.000962
0.000602
0.000945
0.000593
0.000926
0.000587
0.001066
0.000608
0.000571
0.000604
0.000604
0.000578
0.001095
0.001058
0.000674
0.000980
0.000625
0.000578
0.000573
0.000574
0.001144
0.000577
0.000603
0.000579
0.000575
0.001066
0.000758
0.001315
0.000586
0.001100
0.000593
0.000583
0.000592
0.000572
0.001189
0.001064
0.000595
0.000585
0.000594
0.000610
0.000575
0.000622
0.000587
0.000584
0.000980
0.000617
0.000578
0.000614
0.000596
0.001046
0.000577
0.000576
0.001662
0.001259
0.000748
0.001306
0.000642
0.001047
0.000656
0.000579
0.000808
0.000576
0.000614
0.000919
0.000688
0.000575
0.000601
0.000592
0.000638
0.000999
0.000630
0.000578
0.000947
0.000569
0.000662
0.000599
0.000643
0.000574
0.000919
0.000679
0.000596
0.000940
0.000589
0.000583
0.001077
0.000579
0.000583
0.000576
0.000587
0.000692
0.000875
0.000919
0.001026
0.000598
0.000576
0.000572
0.000778
0.001073
0.000577
0.001320
0.000938
0.000871
0.001077
0.000575
0.000572
0.001167
0.001166
0.000584
0.000659
0.000580
0.000582
0.000918
0.000602
0.000598
0.000631
0.000575
0.001275
0.001766
0.000580
0.000570
0.000988
0.000709
0.001367
0.000573
0.001093
0.000622
0.000651
0.000804
0.000577
0.000614
0.000607
0.000910
0.000619
0.000613
0.000948
0.001104
0.000598
0.000847
0.000600
0.000586
0.000598
0.000911
0.000638
0.000584
0.000805
0.000644
0.000987
0.000666
0.000594
0.001323
0.000625
0.000772
0.001191
0.000727
0.000593
0.000873
0.000586
0.000749
0.000594
0.001050
0.000591
0.000858
0.000602
0.000599
0.000953
0.000636
0.000579
0.000597
0.000989
0.000655
0.000579
0.000599
0.000897
0.000590
0.000605
0.000604
0.000948
0.000577
0.000592
0.000927
0.000625
0.000581
0.000589
0.001092
0.000571
0.000608
0.000601
0.000576
0.000586
0.000587
0.000573
0.000732
0.000589
0.000585
0.000588
0.000590
0.000575
0.001055
0.000576
0.000577
0.000594
0.000576
0.000587
0.000581
0.000584
0.000577
0.000583
0.000577
0.000575
0.000576
0.000619
0.000586
0.000607
0.000575
0.000574
0.000592
0.000580
0.000584
0.000575
0.000570
0.000580
0.000573
0.000572
0.000579
0.000575
0.000578
0.000591
0.000579
0.000606
0.000592
0.000587
0.000584
0.000588
0.000596
0.000600
0.000580
0.000628
0.000581
0.000607
0.000588
0.000575
0.000577
0.000576
0.000570
0.000601
0.000579
0.000586
0.000565
0.000579
0.000604
0.000583
0.000589
0.000603
0.000606
0.000605
0.000599
0.000575
0.000580
0.000569
0.000583
0.000592
0.000575
0.000588
0.000573
0.000592
0.000575
0.000590
0.000624
0.000580
0.000590
0.000586
0.000576
0.000637
0.000587
0.000595
0.000592
0.000577
0.000589
0.000573
0.000569
0.000655
0.000591
0.001276
0.000594
0.000597
0.000575
0.000587
0.000574
0.000565
0.000583
0.000584
0.000625
0.001352
0.000596
0.000599
0.000592
0.000577
0.000605
0.000594
0.000592
0.000577
0.000577
0.000579
0.000588
0.001013
0.000579
0.000581
0.001130
0.000574
0.000610
0.000588
0.000594
0.000579
0.000580
0.001241
0.000973
0.000611
0.000605
0.000577
0.001264
0.000582
0.000607
0.000583
0.000590
0.001273
0.000575
0.000577
0.000576
0.000579
0.001175
0.000590
0.000575
0.000577
0.000583
0.000581
0.000580
0.000572
0.000569
0.000581
0.000583
0.000609
0.000656
0.000582
0.000589
0.000574
0.000607
0.000572
0.000778
0.000576
0.000914
0.000586
0.000592
0.000735
0.001278
0.000791
0.000578
0.001057
0.000736
0.000576
0.000579
0.000591
0.000572
0.000582
0.000593
0.000621
0.000579
0.000613
0.001361
0.000577
0.000574
0.000582
0.000574
0.000601
0.000576
0.000897
0.000576
0.000601
0.001142
0.000593
0.001395
0.000593
0.001120
0.001056
0.000603
0.001264
0.000926
0.000987
0.000575
0.000576
0.000595
0.000580
0.000571
0.000578
0.000575
0.000578
0.000571
0.000568
0.000575
0.000576
0.001147
0.000578
0.001054
0.000576
0.000580
0.000603
0.000573
0.000583
0.000594
0.000584
0.000577
0.000577
0.000602
0.000594
0.000571
0.001206
0.000721
0.001218
0.001078
0.000666
0.000573
0.001186
0.000580
0.000960
0.000573
0.000586
0.001121
0.000584
0.000755
0.000594
0.000603
0.000599
0.000573
0.000862
0.000578
0.000584
0.000906
0.000587
0.000945
0.000573
0.000596
0.000576
0.000595
0.000579
0.001007
0.000742
0.001152
0.000575
0.000578
0.000583
0.001263
0.000571
0.000896
0.000774
0.000576
0.000581
0.000568
0.000585
0.000614
0.000575
0.000579
0.001016
0.000578
0.000572
0.000576
0.000629
0.000589
0.000568
0.000587
0.000598
0.000606
0.001029
0.000605
0.001264
0.000592
0.000578
0.000589
0.000802
0.001410
0.001235
0.000721
0.000638
0.001113
0.000618
0.000577
0.000608
0.001230
0.000874
0.000578
0.000569
0.000585
0.000977
0.001075
0.000825
0.001209
0.000606
0.000586
0.000571
0.000594
0.000612
0.001136
0.000639
0.000852
0.001183
0.000585
0.000576
0.000575
0.001096
0.000608
0.000839
0.000583
0.000586
0.000579
0.000585
0.000631
0.000574
0.000577
0.000587
0.000581
0.000575
0.002370
0.000585
0.000575
0.000589
0.000575
0.000607
0.000576
0.000580
0.000576
0.000951
0.000717
0.001399
0.000580
0.000574
0.001165
0.000591
0.001049
0.000625
0.001010
0.000592
0.000775
0.000585
0.000637
0.000972
0.000636
0.000865
0.000576
0.000571
0.000582
0.000854
0.000581
0.000590
0.001026
0.000614
0.000575
0.000569
0.000574
0.000594
0.000599
0.000587
0.000583
0.000578
0.000570
0.000587
0.000575
0.000577
0.000609
0.000579
0.000583
0.001028
0.000581
0.000680
0.000587
0.000575
0.000578
0.000590
0.000592
0.001055
0.000584
0.001272
0.000644
0.000590
0.000582
0.000574
0.000748
0.000603
0.000606
0.000586
0.000773
0.000606
0.000574
0.000574
0.000721
0.000622
0.000569
0.001695
0.000584
0.000587
0.000586
0.000574
0.000588
0.000603
0.000591
0.000615
0.000579
0.000587
0.000591
0.000597
0.000579
0.000586
0.001180
0.000622
0.000578
0.000567
0.000569
0.000577
0.000567
0.000577
0.000641
0.000575
0.000587
0.000988
0.001144
0.000592
0.000578
0.000597
0.000612
0.000591
0.000590
0.000577
0.000574
0.000574
0.000588
0.001304
0.000571
0.000572
0.000594
0.000591
0.000594
0.000575
0.000576
0.000574
0.001331
0.000575
0.001188
0.000578
0.000578
0.000585
0.000570
0.000590
0.000624
0.000594
0.000588
0.000592
0.000571
0.000593
0.000586
0.000593
0.000589
0.000587
0.000577
0.000575
0.000587
0.000605
0.000572
0.000576
0.000586
0.000581
0.000579
0.000611
0.000586
0.000568
0.000580
0.000583
0.000584
0.000579
0.000608
0.000567
0.000593
0.000580
0.000571
0.001239
0.000573
0.000592
0.000597
0.000568
0.000594
0.000571
0.000575
0.000574
0.000611
0.000601
0.000593
0.000575
0.000640
0.000578
0.000567
0.000573
0.001297
0.001043
0.000575
0.000605
0.000588
0.000609
0.000598
0.000580
0.000578
0.000860
0.000577
0.000585
0.000585
0.000576
0.000586
0.000588
0.000576
0.000576
0.000562
0.000577
0.000567
0.001410
0.000572
0.000573
0.000600
0.000574
0.000572
0.000576
0.000578
0.000574
0.000581
0.000575
0.000627
0.000587
0.000575
0.000585
0.000573
0.000885
0.001391
0.000574
0.000569
0.000594
0.000566
0.000599
0.000573
0.000579
0.000572
0.000588
0.000568
0.000588
0.001031
0.000569
0.000567
0.000587
0.000602
0.000568
0.000589
0.000585
0.000598
0.000568
0.000583
0.000593
0.000576
0.000600
0.000600
0.000588
0.001038
0.000574
0.000578
0.000581
0.000572
0.000580
0.000607
0.000602
0.000587
0.000600
0.000577
0.000568
0.000573
0.000574
0.000608
0.000579
0.000582
0.000603
0.000574
0.000595
0.000590
0.000566
0.000603
0.000569
0.000589
0.000587
0.000587
0.000569
0.000587
0.000584
0.000569
0.000591
0.000587
0.000595
0.000571
0.000580
0.000586
0.000594
0.001314
0.001277
0.000598
0.000585
0.000954
0.000665
0.000635
0.001292
0.000724
0.000960
0.000589
0.000577
0.001704
0.000594
0.000835
0.000679
0.000575
0.000875
0.000584
0.000577
0.000588
0.000832
0.000606
0.000714
0.000590
0.001005
0.000575
0.000579
0.000580
0.000598
0.000588
0.000996
0.000581
0.001153
0.000589
0.001174
0.000575
0.001131
0.000760
0.001610
0.000585
0.001126
0.000577
0.000577
0.000594
0.000577
0.000595
0.000588
0.000589
0.000888
0.000688
0.000585
0.001264
0.000588
0.000579
0.001189
0.000581
0.001157
0.000599
0.000619
0.000597
0.000596
0.000575
0.000576
0.000794
0.000749
0.000586
0.000879
0.000756
0.000594
0.000928
0.000615
0.000621
0.000905
0.000594
0.000582
0.000951
0.000633
0.000574
0.001249
0.000676
0.001541
0.000580
0.000613
0.001018
0.000609
0.000938
0.000619
0.000925
0.000598
0.000962
0.000603
0.001065
0.001151
0.000594
0.000621
0.000591
0.001113
0.000668
0.000592
0.000579
0.000570
0.000580
0.000598
0.000601
0.000574
0.000607
0.000613
0.000579
0.000575
0.000574
0.000582
0.000579
0.000579
0.001063
0.000598
0.000575
0.000594
0.000576
0.000572
0.000570
0.000577
0.001017
0.000582
0.001000
0.000578
0.001157
0.000584
0.000567
0.000577
0.001147
0.000591
0.000605
0.002365
0.001671
0.000599
0.000580
0.000952
0.000645
0.001026
0.000576
0.000776
0.000570
0.000999
0.000677
0.001128
0.000601
0.000602
0.000590
0.000832
0.000602
0.000578
0.001143
0.001147
0.000578
0.000574
0.000958
0.001489
0.000593
0.000582
0.000957
0.001273
0.000579
0.000924
0.000664
0.000589
0.001086
0.000747
0.001074
0.000695
0.000601
0.000576
0.000570
0.000897
0.001056
0.001305
0.001425
0.000800
0.001156
0.001131
0.001011
0.001296
0.000576
0.000579
0.000802
0.000601
0.001070
0.001188
0.001260
0.001074
0.000589
0.000785
0.000730
0.000605
0.000573
0.000882
0.001659
0.000579
0.000904
0.000660
0.001176
0.000599
0.000812
0.001059
0.000648
0.001119
0.000579
0.000914
0.000809
0.000591
0.000965
0.000716
0.000577
0.001214
0.000579
0.000577
0.001461
0.000593
0.000583
0.000580
0.001241
0.000569
0.000611
0.000586
0.000930
0.000577
0.000593
0.001145
0.000601
0.000579
0.000575
0.000578
0.000580
0.000612
0.000584
0.001069
0.000571
0.001143
0.000578
0.000582
0.000589
0.000572
0.001097
0.000576
0.000587
0.000599
0.000885
0.000585
0.001541
0.000594
0.000590
0.000599
0.000601
0.000607
0.000948
0.000608
0.000586
0.001475
0.000637
0.000607
0.000579
0.000575
0.001222
0.000653
0.000588
0.000901
0.001123
0.000823
0.001411
0.000578
0.000719
0.000593
0.000575
0.000578
0.000879
0.000909
0.000603
0.000572
0.000986
0.000571
0.000880
0.001259
0.000956
0.000945
0.000589
0.000820
0.000622
0.000589
0.000577
0.001024
0.001110
0.000584
0.001271
0.001164
0.000615
0.000584
0.000573
0.000824
0.000595
0.000758
0.001171
0.001089
0.000695
0.001452
0.001271
0.001276
0.000617
0.000576
0.001298
0.001041
0.001179
0.001152
0.000587
0.000577
0.000629
0.000584
0.000593
0.000592
0.000601
0.001144
0.000599
0.000588
0.000578
0.000575
0.000577
0.000577
0.000599
0.000586
0.000595
0.000614
0.000822
0.000583
0.000593
0.000579
0.000575
0.000595
0.000573
0.000576
0.000591
0.001172
0.000699
0.001369
0.000578
0.000576
0.000985
0.000659
0.000632
0.000576
0.000578
0.000598
0.001144
0.000713
0.000588
0.001072
0.001233
0.000577
0.000577
0.000864
0.001725
0.000613
0.001271
0.000591
0.000578
0.000962
0.000653
0.001356
0.000591
0.000592
0.000597
0.000631
0.001041
0.000690
0.000577
0.000993
0.000603
0.001022
0.000575
0.000596
0.000579
0.000586
0.000577
0.000841
0.000653
0.001139
0.000578
0.001035
0.000589
0.000599
0.001157
0.000647
0.000660
0.000602
0.000576
0.000595
0.000577
0.000578
0.001086
0.000599
0.000590
0.000582
0.000778
0.000621
0.000597
0.000566
0.000598
0.000588
0.000578
0.000595
0.000589
0.000582
0.000575
0.000576
0.000922
0.000829
0.000580
0.000640
0.001288
0.000610
0.000601
0.000578
0.000579
0.000605
0.000588
0.000588
0.000592
0.000588
0.000818
0.000669
0.000574
0.000791
0.000578
0.000574
0.000980
0.000615
0.000608
0.000672
0.000593
0.000582
0.000925
0.000951
0.000591
0.000718
0.001091
0.000606
0.000635
0.000782
0.000591
0.001017
0.000725
0.000577
0.000934
0.000685
0.000583
0.000936
0.000678
0.001555
0.000587
0.000589
0.000581
0.000614
0.000587
0.000589
0.000578
0.001123
0.000578
0.000909
0.000579
0.000897
0.000696
0.001350
0.000729
0.000711
0.000693
0.000576
0.001039
0.000618
0.000581
0.000894
0.000678
0.000609
0.000593
0.000932
0.000601
0.001095
0.000826
0.000604
0.000910
0.000588
0.001152
0.000584
0.000590
0.000580
0.001182
0.000586
0.000582
0.001085
0.000620
0.000589
0.000591
0.000568
