0.001204
0.000663
0.000633
0.001218
0.000634
0.000655
0.000666
0.000895
0.000630
0.000659
0.000654
0.000631
0.000629
0.000649
0.000646
0.000626
0.001660
0.000637
0.000648
0.000651
0.000639
0.000648
0.001316
0.000709
0.001131
0.000683
0.000666
0.000637
0.000904
0.000648
0.000629
0.000658
0.000790
0.000632
0.000658
0.001401
0.000806
0.001373
0.000730
0.001057
0.000639
0.000626
0.000628
0.000656
0.000633
0.001266
0.000702
0.001459
0.000758
0.001405
0.000761
0.001421
0.000637
0.001064
0.001328
0.000653
0.000639
0.000940
0.000667
0.000647
0.000882
0.000638
0.000633
0.000656
0.000779
0.000908
0.001072
0.000631
0.000649
0.000632
0.000841
0.000652
0.000650
0.000632
0.000955
0.001358
0.000666
0.000633
0.001397
0.000635
0.001431
0.000932
0.000878
0.000810
0.001450
0.000637
0.000675
0.000789
0.001080
0.000629
0.000641
0.000669
0.000674
0.000658
0.000630
0.000658
0.000649
0.000634
0.000633
0.000884
0.000634
0.000659
0.000645
0.000630
0.000888
0.000882
0.000649
0.000638
0.001640
0.001606
0.001071
0.000637
0.000650
0.000810
0.000873
0.000632
0.000630
0.000654
0.001422
0.000633
0.000643
0.001024
0.000728
0.001452
0.000629
0.000651
0.000637
0.000667
0.000654
0.000630
0.000646
0.000650
0.000912
0.000692
0.000631
0.000782
0.000640
0.000646
0.000682
0.000638
0.001254
0.001413
0.000652
0.000920
0.001338
0.000646
0.000796
0.001237
0.000643
0.000825
0.000977
0.001085
0.000665
0.000641
0.000891
0.001198
0.000859
0.000631
0.000640
0.000702
0.000636
0.000643
0.000975
0.001393
0.000627
0.000800
0.000636
0.000631
0.000901
0.000981
0.000818
0.000649
0.000657
0.000634
0.000633
0.000716
0.001123
0.000631
0.000631
0.000906
0.000642
0.000649
0.000661
0.000635
0.000636
0.001196
0.000765
0.000633
0.000637
0.000872
0.000626
0.000666
0.000628
0.000637
0.000641
0.000663
0.001155
0.000824
0.000631
0.000682
0.000636
0.000652
0.000626
0.000644
0.000628
0.000644
0.000647
0.000654
0.000669
0.000627
0.000634
0.000626
0.000633
0.000639
0.001270
0.000700
0.000646
0.000630
0.001342
0.000634
0.000630
0.000871
0.000655
0.000706
0.000650
0.000627
0.000660
0.000628
0.000639
0.000642
0.000627
0.000988
0.000632
0.000628
0.000655
0.000631
0.000666
0.000879
0.000647
0.000633
0.000737
0.000653
0.000626
0.000626
0.000643
0.000641
0.000645
0.000658
0.000907
0.000638
0.000636
0.000652
0.000627
0.000627
0.000648
0.000637
0.000628
0.000669
0.000682
0.001120
0.000634
0.000627
0.000696
0.000632
0.000626
0.000633
0.001033
0.000646
0.000633
0.000662
0.000654
0.000636
0.000650
0.000640
0.001099
0.000625
0.000667
0.000632
0.000636
0.001075
0.000731
0.000666
0.000625
0.000633
0.000629
0.001430
0.000626
0.000665
0.000749
0.001164
0.000627
0.000627
0.000628
0.000750
0.000644
0.001147
0.000652
0.000735
0.000687
0.000649
0.000630
0.000632
0.000635
0.001298
0.000660
0.000749
0.000628
0.000943
0.000636
0.000655
0.001140
0.001377
0.000626
0.000628
0.000806
0.000636
0.000653
0.000637
0.000641
0.001106
0.001464
0.000634
0.000635
0.000625
0.000670
0.000639
0.000913
0.000685
0.000777
0.000829
0.000689
0.000647
0.000666
0.000643
0.000628
0.000622
0.000631
0.000657
0.000635
0.000663
0.000626
0.000634
0.000623
0.000628
0.000628
0.000629
0.000657
0.001114
0.000640
0.000864
0.000637
0.000634
0.000644
0.000627
0.000676
0.000664
0.000668
0.000632
0.000751
0.000656
0.000645
0.000628
0.000626
0.000632
0.000767
0.000711
0.000632
0.000644
0.000629
0.000794
0.000686
0.000629
0.001072
0.000701
0.001469
0.000637
0.000655
0.000637
0.000654
0.000663
0.000633
0.000665
0.000631
0.000646
0.000637
0.000627
0.000651
0.000672
0.000625
0.000643
0.000649
0.000646
0.000623
0.000642
0.000645
0.000631
0.000654
0.000675
0.000642
0.000641
0.000842
0.000675
0.000629
0.000625
0.000637
0.000628
0.000637
0.000633
0.000686
0.000643
0.000624
0.001031
0.000828
0.000659
0.000647
0.000621
0.000638
0.000703
0.000672
0.000631
0.000648
0.000650
0.000656
0.000645
0.000657
0.000653
0.001002
0.000630
0.000647
0.000628
0.000641
0.000912
0.000634
0.000624
0.000629
0.000626
0.000632
0.000670
0.000656
0.000625
0.000629
0.000629
0.000878
0.000657
0.001815
0.000799
0.000634
0.000641
0.000644
0.000632
0.000697
0.001127
0.000692
0.000906
0.000644
0.000640
0.000646
0.000659
0.000671
0.000630
0.000659
0.000638
0.000655
0.000625
0.000645
0.000624
0.001026
0.000685
0.000643
0.000638
0.000645
0.000643
0.000884
0.000637
0.000796
0.000641
0.000634
0.000631
0.000633
0.000625
0.000626
0.000631
0.000655
0.000656
0.000643
0.000648
0.000629
0.000646
0.000623
0.000630
0.000652
0.000640
0.000648
0.000843
0.000668
0.000629
0.000632
0.000650
0.000634
0.000626
0.000638
0.000632
0.000627
0.000670
0.000648
0.001186
0.000634
0.000636
0.000629
0.000626
0.000646
0.000636
0.000631
0.000630
0.000632
0.001086
0.000636
0.000624
0.000632
0.000668
0.000631
0.000630
0.000650
0.000628
0.000637
0.000717
0.000884
0.000642
0.000685
0.000696
0.001163
0.001233
0.001840
0.000634
0.001201
0.000799
0.000637
0.000873
0.000633
0.000798
0.001034
0.000632
0.000653
0.000650
0.000647
0.000653
0.000632
0.000644
0.000656
0.000638
0.000633
0.000625
0.000636
0.001212
0.000654
0.000647
0.000629
0.000630
0.000632
0.000629
0.000630
0.000629
0.000631
0.001215
0.000633
0.001149
0.000733
0.001444
0.000635
0.000640
0.000631
0.000856
0.000703
0.000656
0.000924
0.000629
0.000628
0.000644
0.000645
0.000624
0.000881
0.000696
0.001087
0.000653
0.001076
0.000634
0.000650
0.000663
0.000650
0.000656
0.000631
0.000642
0.000646
0.000628
0.000622
0.000637
0.000637
0.000648
0.001328
0.000659
0.000634
0.001362
0.000746
0.001199
0.000745
0.001417
0.000634
0.001347
0.000649
0.000662
0.001142
0.001329
0.000642
0.000642
0.000638
0.000630
0.000630
0.000685
0.001440
0.000645
0.000658
0.000622
0.000644
0.000671
0.000641
0.000628
0.000758
0.001265
0.000649
0.000766
0.001531
0.001155
0.000653
0.000647
0.000677
0.001000
0.001102
0.000631
0.000626
0.000632
0.000639
0.000661
0.000631
0.001442
0.000650
0.000646
0.000712
0.000889
0.000877
0.000646
0.000627
0.000630
0.001348
0.000725
0.001250
0.000681
0.000644
0.000877
0.000662
0.001017
0.001435
0.000632
0.000970
0.000678
0.001088
0.000631
0.000649
0.001470
0.000634
0.000635
0.000643
0.000625
0.000675
0.001110
0.000656
0.000626
0.000645
0.000630
0.001484
0.000629
0.000709
0.000696
0.001157
0.000641
0.000639
0.000628
0.000621
0.000663
0.000634
0.000643
0.001424
0.000657
0.000648
0.000640
0.000680
0.000678
0.001316
0.000634
0.000630
0.000629
0.000655
0.000633
0.000972
0.000804
0.001232
0.000633
0.001215
0.000650
0.000652
0.000950
0.001126
0.000685
0.001117
0.000636
0.001169
0.000627
0.001180
0.000631
0.001195
0.000632
0.001184
0.000631
0.001218
0.000633
0.001312
0.001120
0.000788
0.001222
0.000788
0.001011
0.000633
0.000643
0.000641
0.000633
0.000955
0.000699
0.000667
0.000646
0.001094
0.000625
0.000684
0.001067
0.001544
0.000632
0.000641
0.000655
0.000638
0.000912
0.000977
0.001152
0.000646
0.000643
0.000630
0.000642
0.000626
0.000635
0.000902
0.001288
0.000637
0.000633
0.000631
0.000671
0.000648
0.000643
0.000648
0.000631
0.000843
0.001011
0.000640
0.000628
0.000640
0.000684
0.001030
0.000630
0.001111
0.000646
0.001179
0.001288
0.000646
0.000654
0.000630
0.000632
0.001191
0.001216
0.000672
0.001063
0.000681
0.000642
0.000650
0.001317
0.000621
0.000632
0.000649
0.000637
0.000631
0.000651
0.000629
0.000649
0.000995
0.000693
0.000638
0.000683
0.000624
0.000628
0.000640
0.000632
0.000626
0.001300
0.000634
0.000642
0.000673
0.000628
0.000635
0.000632
0.000645
0.000632
0.001157
0.000665
0.000886
0.000629
0.000647
0.000962
0.000651
0.001043
0.000800
0.000918
0.001406
0.000633
0.001415
0.001337
0.001618
0.000629
0.000645
0.001203
0.000665
0.000649
0.000662
0.000638
0.000629
0.001184
0.001208
0.001190
0.001615
0.000645
0.000664
0.000644
0.001245
0.000627
0.000623
0.000641
0.000689
0.000628
0.000649
0.000628
0.000650
0.000632
0.000646
0.000625
0.000650
0.000840
0.000645
0.000821
0.000632
0.000646
0.000939
0.000624
0.000652
0.000977
0.000624
0.000650
0.000634
0.000933
0.000635
0.000632
0.000918
0.000666
0.000633
0.000643
0.000644
0.000628
0.000679
0.000819
0.000631
0.000795
0.000638
0.000990
0.000649
0.000643
0.000642
0.000652
0.000894
0.000634
0.000638
0.000628
0.000998
0.000634
0.000639
0.000632
0.000880
0.000645
0.001406
0.000625
0.001408
0.000956
0.001672
0.000632
0.001514
0.000645
0.001144
0.000655
0.000650
0.001578
0.000644
0.001578
0.000855
0.001127
0.000649
0.000643
0.000776
0.000637
0.000704
0.000633
0.000935
0.000633
0.001024
0.000910
0.000633
0.000677
0.000997
0.000639
0.000632
0.000835
0.000625
0.001052
0.000644
0.000625
0.000937
0.000640
0.000629
0.000798
0.000737
0.000635
0.000665
0.000668
0.000630
0.001839
0.000636
0.000631
0.000735
0.000914
0.001199
0.000661
0.000719
0.000653
0.000750
0.001057
0.000676
0.000974
0.001156
0.001155
0.000634
0.000961
0.000641
0.000668
0.000623
0.000667
0.001041
0.000637
0.000635
0.000643
0.000632
0.000652
0.000906
0.000627
0.000642
0.000643
0.000639
0.000930
0.000625
0.000658
0.000630
0.000630
0.000630
0.000672
0.000629
0.000995
0.000634
0.001423
0.000636
0.000697
0.000647
0.000780
0.000633
0.000623
0.000789
0.000642
0.000631
0.000928
0.001203
0.000652
0.000636
0.000769
0.001329
0.000628
0.000635
0.000634
0.000626
0.000627
0.000648
0.001329
0.000695
0.001073
0.000641
0.001038
0.000643
0.000707
0.000635
0.001027
0.000757
0.001305
0.000631
0.000638
0.000647
0.000635
0.001237
0.000800
0.000641
0.000872
0.000644
0.000645
0.000639
0.000631
0.000970
0.000687
0.000637
0.000633
0.001302
0.000866
0.000698
0.001025
0.000734
0.001454
0.000641
0.001170
0.000677
0.000634
0.001895
0.000624
0.000949
0.001551
0.000650
0.001406
0.000788
0.000631
0.000867
0.000631
0.000627
0.000647
0.000627
0.000629
0.000650
0.001378
0.000635
0.000631
0.001060
0.000771
0.001342
0.000627
0.000641
0.000663
0.000632
0.000657
0.000655
0.001141
0.000633
0.000629
0.000947
0.000662
0.000653
0.000645
0.000671
0.000630
0.000642
0.001097
0.000786
0.001078
0.000630
0.000635
0.000664
0.000644
0.000629
0.001110
0.000647
0.001191
0.000640
0.000640
0.001213
0.000640
0.000648
0.000625
0.000631
0.000641
0.001184
0.000642
0.001226
0.000646
0.000628
0.000635
0.000961
0.000700
0.000658
0.000628
0.000675
0.000976
0.000654
0.001794
0.000690
0.000646
0.000643
0.000933
0.000684
0.000647
0.001242
0.000642
0.000624
0.000636
0.000639
0.000630
0.000628
0.000637
0.000630
0.000658
0.000629
0.001192
0.000644
0.000630
0.000660
0.000630
0.000645
0.000642
0.000631
0.000647
0.000661
0.000633
0.000917
0.000685
0.000643
0.001117
0.001068
0.000664
0.000706
0.000670
0.000628
0.001064
0.000633
0.000633
0.000634
0.000633
0.000648
0.001024
0.000745
0.001140
0.000663
0.000639
0.000637
0.000650
0.000634
0.001184
0.000645
0.000661
0.000650
0.000650
0.000868
0.000687
0.001068
0.000760
0.001434
0.000744
0.001350
0.000649
0.000626
0.001164
0.000637
0.000629
0.001229
0.001330
0.000647
0.001223
0.001203
0.000665
0.000814
0.000639
0.001452
0.000643
0.001360
0.000628
0.001356
0.000629
0.000671
0.000980
0.000963
0.000642
0.000990
0.000728
0.001216
0.001226
0.000734
0.000744
0.000765
0.000639
0.000635
0.000653
0.000629
0.000633
0.001204
0.000641
0.000632
0.001219
0.000638
0.000664
0.000634
0.001099
0.000727
0.001313
0.001074
0.000634
0.001190
0.000781
0.000642
0.001012
0.000650
0.000633
0.000956
0.000640
0.000682
0.000651
0.000644
0.000626
0.000654
0.001523
0.000630
0.000651
0.001366
0.001271
0.000941
0.000734
0.001021
0.000635
0.000638
0.001309
0.000666
0.000913
0.001477
0.000626
0.000659
0.001037
0.000633
0.001320
0.000895
0.001315
0.001583
0.000782
0.001700
0.000652
0.000793
0.000622
0.001012
0.000643
0.001385
0.000956
0.000643
0.001153
0.000652
0.001048
0.000652
0.000640
0.001028
0.001511
0.000632
0.000667
0.000647
0.000664
0.000625
0.000856
0.001169
0.000825
0.000630
0.000643
0.000912
0.000886
0.000644
0.001064
0.000738
0.001501
0.001482
0.000640
0.001162
0.000630
0.001144
0.000631
0.001224
0.001830
0.000630
0.001220
0.000638
0.000637
0.000635
0.000627
0.001338
0.000655
0.001368
0.000635
0.000644
0.000969
0.000743
0.000659
0.000825
0.001305
0.000624
0.000631
0.000657
0.001615
0.000654
0.000880
0.000679
0.000643
0.001136
0.000655
0.000671
0.001230
0.001146
0.001299
0.000627
0.000655
0.000640
0.001044
0.000940
0.001361
0.000660
0.000717
0.000680
0.000664
0.001319
0.000631
0.000634
0.000998
0.000634
0.000649
0.000635
0.000626
0.001085
0.000651
0.001404
0.000640
0.001230
0.000644
0.000643
0.000648
0.000630
0.000944
0.001063
0.000682
0.000630
0.000855
0.001109
0.000618
0.001046
0.000706
0.001473
0.000736
0.000663
0.000744
0.000627
0.001039
0.000630
0.000652
0.000652
0.000643
0.001137
0.000631
0.000633
0.000630
0.000668
0.000634
0.000915
0.000693
0.000639
0.000984
0.000640
0.001008
0.000644
0.001015
0.001151
0.000632
0.001046
0.000717
0.001437
0.000630
0.000630
0.000955
0.000667
0.000755
0.001386
0.000645
0.000635
0.001128
0.000630
0.001168
0.000634
0.001162
0.000635
0.000677
0.001339
0.000659
0.001183
0.000643
0.000628
0.000638
0.000645
0.000690
0.001330
0.000625
0.000664
0.001132
0.000643
0.001166
0.000631
0.001194
0.000647
0.001170
0.000646
0.001173
0.000850
0.001390
0.000736
0.001382
0.000700
0.000657
0.000909
0.000630
0.001029
0.000728
0.001422
0.000679
0.001058
0.000814
0.001105
0.000646
0.000627
0.000631
0.001811
0.000982
0.000709
0.001144
0.000636
0.001445
0.000651
0.000627
0.001178
0.001254
0.000799
0.000651
0.001199
0.001236
0.001398
0.000637
0.000729
0.000804
0.001077
0.000994
0.000660
0.000627
0.001420
0.001242
0.000667
0.000952
0.001057
0.000642
0.001294
0.000645
0.001264
0.000645
0.000645
0.001207
0.000642
0.000632
0.000803
0.001536
0.001130
0.000649
0.001341
0.001222
0.000653
0.001026
0.000646
0.000638
0.000631
0.000661
0.001319
0.001583
0.001356
0.000896
0.000644
0.000641
0.000642
0.000630
0.000628
0.000638
0.000627
0.000642
0.000654
0.000632
0.000643
0.000629
0.000654
0.000631
0.000629
0.000626
0.000639
0.000641
0.000742
0.000777
0.000620
0.000640
0.000624
0.000650
0.000628
0.000696
0.000631
0.000837
0.000649
0.000647
0.000632
0.000645
0.000631
0.000628
0.000627
0.000662
0.000631
0.001157
0.001137
0.000649
0.000665
0.000628
0.000622
0.000633
0.000630
0.000642
0.000662
0.000653
0.000634
0.000630
0.000641
0.000654
0.000631
0.000642
0.000633
0.000631
0.001848
0.001135
0.000633
0.000630
0.000638
0.000656
0.000643
0.001180
0.000628
0.000639
0.000973
0.001144
0.000626
0.000648
0.000644
0.000655
0.000629
0.000623
0.000909
0.001140
0.000672
0.001322
0.000793
0.000634
0.002098
0.000631
0.000655
0.001250
0.000634
0.001054
0.001125
0.000645
0.000636
0.000815
0.000629
0.000643
0.001192
0.000630
0.001443
0.000811
0.000633
0.000887
0.000667
0.001113
0.001440
0.000635
0.001562
0.000637
0.000647
0.000645
0.000918
0.001288
0.000647
0.001325
0.001159
0.000748
0.001285
0.000679
0.001266
0.000632
0.000624
0.001372
0.000687
0.001122
0.000755
0.000902
0.000647
0.000635
0.000683
0.000642
0.000650
0.000663
0.000635
0.000635
0.000647
0.000634
0.001325
0.001255
0.000693
0.001414
0.000636
0.000627
0.000628
0.000686
0.000653
0.000756
0.000630
0.001023
0.000630
0.001023
0.000661
0.000626
0.001195
0.000638
0.000650
0.001246
0.000821
0.001339
0.001102
0.000675
0.000652
0.000652
0.001120
0.000625
0.000651
0.001007
0.000660
0.000634
0.000670
0.000642
0.001313
0.001833
0.000642
0.000816
0.000629
0.000666
0.000631
0.001342
0.000625
0.000652
0.000636
0.000632
0.000685
0.000959
0.001068
0.000645
0.001151
0.000629
0.001015
0.001312
0.000660
0.001095
0.000628
0.000644
0.001161
0.000626
0.000624
0.001177
0.000659
0.000646
0.001122
0.001248
0.001313
0.000656
0.000629
0.000996
0.000650
0.000980
0.000630
0.000620
0.000963
0.001126
0.000633
0.001055
0.001212
0.001347
0.000694
0.000635
0.000678
0.000629
0.000903
0.000635
0.001673
0.000847
0.000644
0.000644
0.000888
0.000985
0.001470
0.001214
0.000678
0.000631
0.000629
0.000632
0.000830
0.000645
0.000998
0.000647
0.001196
0.000646
0.001189
0.000693
0.001412
0.000641
0.001320
0.000708
0.000634
0.000634
0.000645
0.000655
0.001044
0.000653
0.000633
0.000968
0.000672
0.001109
0.000690
0.000680
0.000655
0.000956
0.000633
0.001298
0.001384
0.000703
0.000651
0.000629
0.000646
0.001122
0.000624
0.000644
0.000632
0.000992
0.000687
0.001079
0.000974
0.000736
0.000631
0.000957
0.000683
0.001318
0.000644
0.000655
0.001019
0.000652
0.000627
0.000630
0.000642
0.001106
0.000705
0.000641
0.000923
0.000632
0.000665
0.000930
0.000679
0.000636
0.000631
0.000631
0.000625
0.000628
0.001184
0.000670
0.000889
0.000642
0.000662
0.000631
0.000627
0.000663
0.001125
0.000646
0.001304
0.000636
0.001183
0.000711
0.000672
0.001795
0.000645
0.000678
0.000718
0.001101
0.000699
0.000859
0.000645
0.001033
0.000674
0.001234
0.000754
0.001528
0.000796
0.000646
0.000794
0.000633
0.000626
0.001050
0.000665
0.000972
0.000725
0.000876
0.000631
0.001060
0.000731
0.001428
0.000793
0.000631
0.000638
0.000638
0.001125
0.000678
0.001141
0.000654
0.001596
0.000660
0.000643
0.000645
0.000633
0.001010
0.000712
0.001179
0.000819
0.001449
0.000695
0.000633
0.000629
0.000636
0.000956
0.000635
0.000968
0.000654
0.000638
0.000632
0.000639
0.000632
0.000641
0.000629
0.000654
0.000661
0.001260
0.000770
0.000635
0.001016
0.000632
0.001085
0.000651
0.000652
0.000629
0.000778
0.001350
0.000636
0.000632
0.000628
0.001758
0.000928
0.000666
0.000862
0.000635
0.000668
0.000651
0.000663
0.000631
0.000626
0.000622
0.000632
0.000643
0.000629
0.000818
0.000689
0.000635
0.000910
0.000633
0.000654
0.000633
0.000648
0.001243
0.000637
0.000635
0.000666
0.000630
0.000675
0.001321
0.000643
0.000635
0.000661
0.000644
0.001353
0.000676
0.000670
0.000996
0.000666
0.001242
0.000631
0.000694
0.001812
0.000765
0.000647
0.000633
0.000653
0.000642
0.000647
0.000991
0.000713
0.001675
0.001016
0.000647
0.001043
0.000644
0.001187
0.001055
0.000632
0.000641
0.001078
0.000923
0.000684
0.001304
0.000690
0.000917
0.000758
0.000636
0.000694
0.000629
0.001114
0.000643
0.001142
0.000644
0.000665
0.000640
0.000624
0.000638
0.000640
0.001169
0.000641
0.001181
0.000699
0.000633
0.000877
0.000681
0.000636
0.000945
0.000644
0.000989
0.000692
0.000661
0.000866
0.000645
0.000676
0.001038
0.000643
0.000633
0.000646
0.001001
0.000667
0.000830
0.001410
0.000806
0.001414
0.000632
0.000695
0.000641
0.000937
0.000638
0.000646
0.000632
0.000637
