0.000546
0.000340
0.000332
0.000627
0.000342
0.000336
0.000777
0.000342
0.000331
0.000334
0.000703
0.000348
0.000332
0.000336
0.000332
0.000335
0.000335
0.000332
0.000362
0.000335
0.000340
0.000343
0.000707
0.000335
0.000331
0.000350
0.000343
0.000604
0.000344
0.000335
0.000331
0.000347
0.000345
0.000340
0.000343
0.000342
0.000337
0.000328
0.000351
0.000350
0.000351
0.000343
0.000333
0.000748
0.000345
0.000347
0.000337
0.000378
0.000343
0.000330
0.000348
0.000328
0.000344
0.000331
0.000360
0.000694
0.000338
0.000346
0.000346
0.000351
0.000333
0.000333
0.000348
0.000346
0.000333
0.000334
0.000362
0.000511
0.000365
0.000653
0.000863
0.000351
0.000337
0.000334
0.000327
0.000333
0.000343
0.000770
0.000340
0.000337
0.000343
0.000338
0.000333
0.000774
0.000330
0.000715
0.000334
0.000341
0.000341
0.000337
0.000335
0.000368
0.000347
0.000337
0.000335
0.000333
0.000355
0.000342
0.000347
0.000587
0.000940
0.000382
0.000349
0.000334
0.000874
0.000336
0.000355
0.000336
0.000333
0.000344
0.000333
0.000342
0.000345
0.000346
0.000345
0.000336
0.000334
0.000334
0.000342
0.000346
0.000339
0.000998
0.000341
0.000607
0.000335
0.000337
0.000408
0.000444
0.000374
0.000340
0.000355
0.000333
0.000345
0.000337
0.000339
0.000774
0.000350
0.000348
0.000338
0.000805
0.000335
0.000351
0.000333
0.000334
0.000352
0.000336
0.000598
0.000480
0.000960
0.000339
0.000960
0.000743
0.000966
0.000335
0.000335
0.000341
0.000556
0.000514
0.000349
0.000386
0.000352
0.000360
0.000714
0.000335
0.000528
0.000362
0.000337
0.000689
0.000810
0.000358
0.000743
0.000403
0.000341
0.000351
0.000338
0.000333
0.000337
0.000332
0.000335
0.000332
0.000369
0.000409
0.000386
0.000939
0.000749
0.000338
0.000334
0.000582
0.000338
0.000332
0.000346
0.000480
0.000372
0.000343
0.000332
0.000335
0.000331
0.000332
0.000336
0.000348
0.000344
0.000347
0.000337
0.000547
0.000409
0.000342
0.000735
0.000339
0.000333
0.000330
0.000334
0.000674
0.000814
0.000376
0.000344
0.000346
0.000757
0.000339
0.000333
0.000336
0.000333
0.000337
0.000333
0.000669
0.000344
0.000335
0.000334
0.000331
0.000607
0.000751
0.000342
0.000334
0.000364
0.000919
0.000341
0.000344
0.000996
0.000333
0.000354
0.000985
0.000451
0.000335
0.000348
0.000339
0.000336
0.000335
0.000334
0.000331
0.000333
0.000462
0.000742
0.000341
0.000753
0.000780
0.000335
0.000502
0.000332
0.000332
0.000346
0.000333
0.000337
0.000339
0.000338
0.000337
0.000345
0.000334
0.000347
0.000349
0.000336
0.000356
0.000340
0.000751
0.000527
0.000756
0.000334
0.000348
0.000343
0.000345
0.000332
0.000332
0.000388
0.000343
0.000335
0.000339
0.000333
0.000331
0.000334
0.000357
0.000346
0.000345
0.000333
0.000472
0.000340
0.000345
0.000339
0.000340
0.000387
0.000354
0.000337
0.000542
0.000755
0.000347
0.000353
0.000336
0.000339
0.000335
0.000339
0.000349
0.000338
0.000550
0.000670
0.000336
0.000346
0.000345
0.000355
0.000336
0.000345
0.000360
0.000334
0.000340
0.000558
0.000748
0.000699
0.000334
0.000334
0.000770
0.000337
0.000706
0.000780
0.000346
0.000649
0.000513
0.000999
0.000348
0.000338
0.000697
0.000747
0.000400
0.000339
0.000334
0.000338
0.000758
0.000885
0.000356
0.000734
0.000931
0.000402
0.000332
0.000711
0.000771
0.000359
0.000362
0.000397
0.000335
0.000338
0.000335
0.000336
0.000884
0.001005
0.000336
0.000357
0.000676
0.000746
0.000339
0.000335
0.000625
0.000384
0.000330
0.000444
0.000859
0.000596
0.000764
0.000341
0.000580
0.000345
0.000385
0.000761
0.000895
0.000341
0.000350
0.000580
0.000463
0.000339
0.000345
0.000745
0.000334
0.000376
0.000680
0.000337
0.000377
0.000347
0.000349
0.000351
0.000565
0.000352
0.000335
0.000348
0.000350
0.000335
0.000710
0.000337
0.000334
0.000753
0.000365
0.000734
0.000351
0.000335
0.000334
0.000327
0.000479
0.000954
0.000750
0.000747
0.000335
0.000337
0.000332
0.000331
0.000333
0.000684
0.000346
0.000623
0.000351
0.000335
0.000385
0.000660
0.000357
0.000341
0.000742
0.000333
0.000338
0.000341
0.000992
0.000334
0.000350
0.000762
0.000478
0.000748
0.000348
0.000848
0.000339
0.000334
0.000337
0.000333
0.000334
0.000913
0.000780
0.000344
0.000363
0.000350
0.000333
0.000579
0.000337
0.000433
0.000507
0.000896
0.000338
0.000340
0.000723
0.000367
0.000345
0.000339
0.000353
0.000333
0.000332
0.000333
0.000336
0.000334
0.000606
0.000335
0.000427
0.000341
0.000330
0.000728
0.000335
0.000333
0.000333
0.000887
0.000338
0.000579
0.000837
0.000351
0.000336
0.000493
0.000341
0.000749
0.000948
0.000335
0.000333
0.000691
0.000354
0.000348
0.000662
0.000335
0.000761
0.000341
0.000340
0.000663
0.000963
0.000335
0.000918
0.000337
0.000757
0.000337
0.000334
0.000554
0.000991
0.000339
0.000345
0.000337
0.000330
0.000668
0.000603
0.000346
0.000677
0.001005
0.000335
0.000334
0.000372
0.000400
0.000643
0.000391
0.000332
0.000333
0.000340
0.000330
0.000335
0.000333
0.000332
0.000353
0.000346
0.000332
0.000351
0.000341
0.000813
0.000958
0.000366
0.000343
0.000336
0.000365
0.000331
0.000335
0.000445
0.000333
0.000329
0.000697
0.000332
0.000331
0.000331
0.000345
0.000349
0.000339
0.000336
0.000344
0.000364
0.001010
0.000343
0.000351
0.000593
0.000332
0.000335
0.000343
0.000343
0.000345
0.000332
0.000351
0.000335
0.000332
0.000333
0.000334
0.000334
0.000341
0.000935
0.000344
0.000338
0.000717
0.000347
0.000333
0.000331
0.000501
0.000332
0.000587
0.000329
0.000335
0.000350
0.000335
0.000333
0.000332
0.000358
0.000748
0.000352
0.000892
0.000340
0.000329
0.000334
0.000331
0.000334
0.000341
0.000335
0.000334
0.000342
0.000346
0.000336
0.000335
0.000342
0.000332
0.000326
0.000349
0.000355
0.000333
0.000386
0.000330
0.000335
0.000347
0.000332
0.000333
0.000340
0.000345
0.000737
0.000333
0.000769
0.000370
0.000342
0.000332
0.000346
0.000705
0.000335
0.000329
0.000354
0.000335
0.000332
0.000334
0.000334
0.000333
0.000331
0.000332
0.000338
0.000335
0.000338
0.000329
0.000361
0.000335
0.000343
0.000338
0.000348
0.000337
0.000337
0.000330
0.000333
0.000356
0.000336
0.000336
0.000333
0.000321
0.000334
0.000332
0.000336
0.000338
0.000343
0.000345
0.000345
0.000339
0.000333
0.000334
0.000334
0.000331
0.000328
0.000333
0.000359
0.000332
0.000337
0.000371
0.000335
0.000336
0.000331
0.000346
0.000339
0.000334
0.001199
0.000651
0.000334
0.000345
0.000356
0.000332
0.000342
0.000344
0.000353
0.000483
0.000576
0.000342
0.000334
0.000347
0.000333
0.000345
0.000335
0.000346
0.000331
0.000334
0.000338
0.000346
0.000333
0.000409
0.000748
0.000360
0.000333
0.000333
0.000345
0.000336
0.000340
0.000389
0.000330
0.000340
0.000354
0.000337
0.000336
0.000332
0.000340
0.000349
0.000333
0.000334
0.000341
0.000368
0.000333
0.000340
0.000355
0.000330
0.000342
0.000352
0.000336
0.000334
0.000333
0.000340
0.000331
0.000739
0.000341
0.000334
0.000331
0.000334
0.000342
0.000332
0.000343
0.000336
0.000345
0.000333
0.000365
0.000350
0.000334
0.000348
0.000337
0.000333
0.000350
0.000330
0.000346
0.000336
0.000343
0.000788
0.000356
0.000350
0.000935
0.000339
0.000331
0.000418
0.000333
0.000332
0.000351
0.000332
0.000358
0.000334
0.000334
0.000340
0.000336
0.000339
0.000349
0.000934
0.000335
0.000362
0.000332
0.000344
0.000335
0.000331
0.000340
0.000336
0.000344
0.000332
0.000339
0.000336
0.000333
0.000340
0.000937
0.000360
0.000337
0.000343
0.000439
0.000372
0.000351
0.000337
0.000332
0.000335
0.000344
0.000339
0.000337
0.000333
0.000358
0.000698
0.000334
0.000331
0.000334
0.000344
0.000333
0.000338
0.000334
0.000336
0.000587
0.000331
0.000333
0.000331
0.000336
0.000342
0.000331
0.000346
0.000348
0.000349
0.000335
0.000350
0.000343
0.000343
0.000361
0.000332
0.000340
0.000338
0.000344
0.000330
0.000338
0.000338
0.000335
0.000335
0.000339
0.000350
0.000335
0.000329
0.000343
0.000337
0.000340
0.000338
0.000330
0.000333
0.000335
0.000335
0.000365
0.000333
0.000330
0.000363
0.000332
0.000343
0.000341
0.000335
0.000334
0.000333
0.000333
0.000332
0.000331
0.000344
0.000342
0.000334
0.000336
0.000337
0.000351
0.000333
0.000355
0.000340
0.000340
0.000344
0.000335
0.000334
0.000330
0.000337
0.000336
0.000330
0.000337
0.000346
0.000336
0.000335
0.000333
0.000606
0.000747
0.000341
0.000337
0.000341
0.000330
0.000332
0.000333
0.000334
0.000330
0.000343
0.000328
0.000334
0.000337
0.000333
0.000338
0.000331
0.000351
0.000331
0.000335
0.000345
0.000355
0.000328
0.000350
0.000746
0.000336
0.000349
0.000335
0.000350
0.000331
0.000350
0.000331
0.000749
0.000340
0.000330
0.000336
0.000335
0.000351
0.000955
0.000332
0.000335
0.000336
0.000355
0.000334
0.000340
0.000336
0.000502
0.000331
0.000332
0.000330
0.000349
0.000743
0.000332
0.000340
0.000339
0.000331
0.000333
0.001362
0.001008
0.000346
0.000336
0.000478
0.001017
0.000330
0.000331
0.000329
0.000330
0.000339
0.000341
0.000334
0.000347
0.000345
0.000339
0.000344
0.000335
0.000334
0.000333
0.000329
0.000336
0.000337
0.000331
0.000338
0.000445
0.000740
0.000333
0.000337
0.000327
0.000344
0.000334
0.000360
0.000344
0.000335
0.000327
0.000341
0.000343
0.000334
0.000750
0.000337
0.000333
0.000334
0.000337
0.000334
0.000774
0.000335
0.000342
0.000375
0.000331
0.000333
0.000365
0.000518
0.000336
0.000346
0.000342
0.000390
0.000334
0.000335
0.000357
0.000339
0.000379
0.000389
0.000342
0.000335
0.000337
0.000334
0.000366
0.000328
0.000330
0.000338
0.000337
0.000335
0.000332
0.000340
0.000332
0.000330
0.000372
0.000340
0.000337
0.000327
0.000333
0.000338
0.000346
0.000330
0.000335
0.000845
0.000493
0.000386
0.000328
0.000337
0.000344
0.000340
0.000362
0.000347
0.000333
0.000338
0.000345
0.000333
0.000336
0.000331
0.000338
0.000328
0.000336
0.000350
0.000335
0.000342
0.000334
0.000343
0.000332
0.000342
0.000756
0.000744
0.000328
0.000330
0.000334
0.000346
0.000334
0.000331
0.000335
0.000333
0.000333
0.000435
0.000978
0.000330
0.000356
0.000334
0.000334
0.000339
0.000335
0.000417
0.000334
0.000552
0.000488
0.000766
0.000690
0.000330
0.000333
0.000328
0.000335
0.000334
0.000339
0.000348
0.000462
0.000341
0.000340
0.000332
0.000332
0.000334
0.000334
0.000328
0.000344
0.000335
0.000343
0.000378
0.000345
0.000335
0.000335
0.000333
0.000334
0.000340
0.000332
0.000351
0.000331
0.000343
0.000341
0.000335
0.000362
0.000329
0.000332
0.000349
0.000334
0.000330
0.000337
0.000336
0.000330
0.000336
0.000335
0.000333
0.000340
0.000330
0.000672
0.001005
0.000577
0.000333
0.000337
0.000331
0.000334
0.000337
0.000339
0.000344
0.000650
0.000743
0.000539
0.000333
0.000332
0.000331
0.000334
0.000334
0.000344
0.000330
0.000339
0.000333
0.000331
0.000556
0.000352
0.000330
0.000327
0.000343
0.000352
0.000335
0.000335
0.000331
0.000331
0.000329
0.000349
0.000332
0.000345
0.000600
0.000332
0.000350
0.000355
0.000346
0.000344
0.000331
0.000333
0.000327
0.000356
0.000334
0.000337
0.000330
0.000329
0.000342
0.000335
0.000335
0.000330
0.000344
0.000338
0.000742
0.000335
0.000376
0.000736
0.000334
0.000338
0.000331
0.000798
0.000328
0.000362
0.000752
0.000347
0.000333
0.000334
0.000348
0.000333
0.000336
0.000341
0.000344
0.000333
0.000348
0.000954
0.000436
0.000348
0.000362
0.000342
0.000337
0.000334
0.000332
0.000333
0.000349
0.000333
0.000327
0.000328
0.000742
0.000345
0.000334
0.000330
0.000341
0.000333
0.000341
0.000331
0.000349
0.000333
0.000333
0.000334
0.000333
0.000341
0.000333
0.000335
0.000336
0.000336
0.000336
0.000340
0.000334
0.000333
0.000342
0.000332
0.000778
0.000342
0.000332
0.000334
0.000331
0.000334
0.000327
0.000337
0.000333
0.000341
0.000343
0.000334
0.000334
0.000333
0.000332
0.000333
0.000330
0.000331
0.000333
0.000748
0.000420
0.000344
0.000335
0.000332
0.000940
0.000332
0.000335
0.000335
0.000338
0.000346
0.000342
0.000340
0.000343
0.000351
0.000344
0.000334
0.000327
0.000351
0.000332
0.000347
0.000334
0.000335
0.000332
0.000351
0.000332
0.000332
0.000350
0.000333
0.000329
0.000349
0.000336
0.000331
0.000343
0.000331
0.000331
0.000338
0.000336
0.000339
0.000356
0.000336
0.000333
0.000342
0.000347
0.000332
0.000332
0.000331
0.000332
0.000335
0.000596
0.000573
0.000346
0.000333
0.000334
0.000341
0.000332
0.000345
0.000564
0.000335
0.000348
0.000335
0.000330
0.000354
0.000347
0.000334
0.000346
0.000392
0.000342
0.000338
0.000339
0.000433
0.000352
0.000357
0.000334
0.000336
0.000359
0.000331
0.000350
0.000336
0.000333
0.000332
0.000339
0.000345
0.000333
0.000345
0.000336
0.000343
0.000344
0.000331
0.000358
0.000359
0.000354
0.000348
0.000350
0.000331
0.000331
0.000332
0.000344
0.000332
0.000888
0.000747
0.000389
0.000404
0.000333
0.000335
0.000990
0.000338
0.000757
0.000330
0.000335
0.000335
0.000681
0.000334
0.000343
0.000354
0.000336
0.000330
0.000372
0.000331
0.000343
0.000353
0.000348
0.000337
0.000326
0.000334
0.000330
0.000341
0.000340
0.000427
0.000334
0.000330
0.000338
0.000344
0.000334
0.000334
0.000354
0.000345
0.000331
0.000346
0.000337
0.000333
0.000354
0.000335
0.000327
0.000397
0.000346
0.000331
0.000336
0.000340
0.000345
0.000333
0.000347
0.000341
0.000333
0.000332
0.000751
0.000833
0.000335
0.000344
0.000347
0.000357
0.000329
0.000339
0.000351
0.000354
0.000346
0.000361
0.000350
0.000342
0.000381
0.000337
0.000333
0.000334
0.000477
0.000754
0.000369
0.000333
0.000339
0.000336
0.000332
0.000772
0.000344
0.000328
0.000336
0.000373
0.000350
0.000330
0.000346
0.000338
0.000332
0.000333
0.000332
0.000330
0.000330
0.000333
0.000331
0.000341
0.000345
0.000336
0.000333
0.000338
0.000335
0.000336
0.000330
0.000332
0.000357
0.000350
0.000337
0.000333
0.000331
0.000337
0.000327
0.000344
0.000332
0.000328
0.000329
0.000335
0.000401
0.000345
0.000332
0.000350
0.000342
0.000336
0.000333
0.000350
0.000344
0.000346
0.000351
0.000333
0.000335
0.000331
0.000330
0.000331
0.000348
0.000336
0.000335
0.000342
0.000337
0.000333
0.000334
0.000371
0.000333
0.000779
0.000895
0.000340
0.000329
0.000779
0.000346
0.000339
0.000351
0.000333
0.000350
0.000344
0.000332
0.000335
0.000333
0.000335
0.000334
0.000341
0.000910
0.000342
0.000504
0.000336
0.000451
0.000342
0.000337
0.000743
0.000343
0.000334
0.000350
0.000341
0.000334
0.000390
0.000368
0.000332
0.000337
0.000341
0.000964
0.000540
0.000351
0.000330
0.000333
0.000330
0.000659
0.000338
0.000348
0.000333
0.000347
0.000339
0.000337
0.000697
0.000336
0.000332
0.000348
0.000591
0.000347
0.000368
0.000360
0.000334
0.000361
0.000749
0.000341
0.000711
0.000333
0.000688
0.000333
0.000810
0.000337
0.000367
0.000499
0.000334
0.000362
0.000761
0.000336
0.000737
0.000353
0.000543
0.000748
0.000567
0.000333
0.000344
0.000763
0.000743
0.000338
0.000338
0.000783
0.000761
0.000338
0.000755
0.000350
0.000356
0.000333
0.000730
0.000779
0.000702
0.000340
0.000612
0.000382
0.000791
0.000746
0.000340
0.000740
0.000446
0.000335
0.000695
0.000333
0.000336
0.000338
0.000339
0.000337
0.000334
0.000344
0.000339
0.000331
0.000333
0.000338
0.000925
0.000476
0.000779
0.000343
0.000337
0.000681
0.000337
0.000384
0.000349
0.000345
0.000364
0.000675
0.000363
0.000387
0.000754
0.000338
0.000334
0.000380
0.000672
0.000378
0.000676
0.000335
0.000335
0.000350
0.000562
0.000336
0.000642
0.000341
0.000579
0.000749
0.000340
0.000340
0.000341
0.000336
0.000959
0.000337
0.000650
0.000694
0.000341
0.000341
0.000439
0.000334
0.000338
0.000336
0.000338
0.000345
0.000351
0.000365
0.000344
0.000353
0.000622
0.000335
0.000700
0.000330
0.000638
0.000339
0.000359
0.000714
0.000336
0.000342
0.000339
0.000367
0.000351
0.000332
0.000653
0.000335
0.000591
0.000500
0.000336
0.000763
0.000470
0.000340
0.000386
0.000337
0.000337
0.000823
0.000649
0.000351
0.000334
0.000345
0.000773
0.000337
0.000704
0.000342
0.000336
0.000347
0.000331
0.000407
0.000725
0.000354
0.000345
0.000352
0.000699
0.000334
0.000349
0.000924
0.000344
0.000333
0.000352
0.000967
0.000350
0.000355
0.000332
0.000340
0.000340
0.000809
0.000655
0.000510
0.000360
0.000333
0.000615
0.000338
0.000343
0.000337
0.000568
0.000339
0.000335
0.000347
0.000336
0.000339
0.000378
0.000951
0.000352
0.000491
0.000366
0.000335
0.000345
0.000862
0.000339
0.000334
0.000339
0.000337
0.000342
0.000347
0.000368
0.000341
0.000335
0.000336
0.000345
0.000771
0.000336
0.000403
0.000759
0.000480
0.000746
0.000353
0.000341
0.000335
0.000332
0.000771
0.000340
0.000387
0.000351
0.000702
0.000364
0.000339
0.000357
0.000342
0.000344
0.000756
0.000365
0.000334
0.000368
0.000333
0.000336
0.000857
0.000335
0.000340
0.000353
0.000392
0.000777
0.000336
0.000337
0.000344
0.000771
0.000337
0.000332
0.000336
0.000335
0.000337
0.000367
0.000335
0.000850
0.000334
0.000333
0.000335
0.000364
0.000333
0.000339
0.000330
0.000339
0.000346
0.000342
0.000370
0.000334
0.000348
0.000368
0.000351
0.000338
0.000367
0.000338
0.000941
0.000977
0.000341
0.000331
0.000337
0.000408
0.000748
0.000347
0.000354
0.000333
0.000341
0.000334
0.000333
0.000356
0.000334
0.000335
0.000333
0.000487
0.000354
0.000748
0.000342
0.000335
0.000334
0.000356
0.000333
0.000342
0.000342
0.000345
0.000405
0.000339
0.000347
0.000350
0.000349
0.000740
0.000430
0.000338
0.000337
0.000343
0.000438
0.000338
0.000350
0.000336
0.000331
0.000350
0.000796
0.000344
0.000344
0.000331
0.000739
0.000379
0.000347
0.000335
0.000327
0.000336
0.000330
0.000391
0.000771
0.000337
0.000351
0.000343
0.000598
0.000350
0.000338
0.000339
0.000365
0.000333
0.000334
0.000358
0.000761
0.000336
0.000337
0.000666
0.000341
0.000359
0.000347
0.000331
0.000335
0.000335
0.000947
0.000421
0.000338
0.000717
0.000339
0.000331
0.000331
0.000334
0.000332
0.000503
0.000339
0.000338
0.000751
0.000347
0.000683
0.000334
0.000334
0.000748
0.001019
0.000420
0.000333
0.000949
0.000851
0.000348
0.000348
0.000352
0.000750
0.000337
0.000719
0.000335
0.000386
0.000737
0.000337
0.000667
0.000337
0.000595
0.000348
0.000335
0.000336
0.000339
0.000333
0.000344
0.000583
0.000768
0.000339
0.000350
0.000337
0.000345
0.000385
0.000335
0.000335
0.000355
0.000334
0.000334
0.000333
0.000710
0.000364
0.000343
0.000409
0.000339
0.000335
0.000685
0.000336
0.000615
0.000341
0.000339
0.000346
0.000392
0.000896
0.000347
0.000342
0.000334
0.000439
0.000352
0.000541
0.000338
0.000331
0.000333
0.000374
0.000587
0.000342
0.000342
0.000334
0.000338
0.000363
0.000367
0.000334
0.000339
0.000341
0.000332
0.000336
0.000328
0.000952
0.000363
0.000351
0.000756
0.000742
0.000339
0.000985
0.000334
0.000344
0.000337
0.000333
0.000345
0.000907
0.000338
0.000376
0.000739
0.000348
0.000336
0.000328
