0.001107
0.001157
0.002332
0.000905
0.001042
0.000827
0.000783
0.001085
0.001366
0.000776
0.001073
0.001314
0.000876
0.001461
0.000781
0.000802
0.000777
0.001291
0.001115
0.000789
0.001118
0.001159
0.000778
0.000806
0.002179
0.001117
0.000776
0.000782
0.000781
0.000807
0.001461
0.001305
0.001114
0.000800
0.001073
0.000803
0.001120
0.000800
0.001510
0.001300
0.000799
0.001172
0.000806
0.001088
0.000783
0.000830
0.000814
0.000796
0.000805
0.000781
0.000781
0.000780
0.000808
0.000802
0.001240
0.000807
0.000804
0.000782
0.001138
0.000776
0.001325
0.000771
0.001762
0.000901
0.001545
0.001262
0.000782
0.001176
0.000789
0.001029
0.000781
0.000786
0.001527
0.000795
0.001005
0.001045
0.000783
0.001467
0.001223
0.000784
0.000799
0.000788
0.001466
0.001258
0.000793
0.001340
0.001455
0.001391
0.001224
0.000798
0.001081
0.001260
0.001190
0.000831
0.001089
0.000769
0.000776
0.000778
0.001500
0.001019
0.000923
0.000954
0.000937
0.001466
0.001138
0.000909
0.000800
0.000826
0.000948
0.000796
0.000789
0.000803
0.000965
0.001093
0.000777
0.000948
0.001189
0.001395
0.000863
0.000790
0.000781
0.000783
0.000809
0.000780
0.001483
0.000802
0.000794
0.001853
0.000793
0.000786
0.000819
0.000804
0.000812
0.000822
0.000822
0.000828
0.000801
0.000798
0.000804
0.001412
0.000848
0.000780
0.000778
0.000796
0.000839
0.001061
0.000816
0.001244
0.000792
0.000792
0.000780
0.000811
0.000796
0.002048
0.000875
0.001912
0.000799
0.000815
0.000805
0.000779
0.000805
0.000804
0.001589
0.000800
0.000783
0.000779
0.000784
0.000796
0.000779
0.000814
0.000789
0.000823
0.000778
0.000807
0.001136
0.001275
0.001411
0.001271
0.001241
0.000897
0.001115
0.001013
0.000782
0.000799
0.001437
0.000786
0.001274
0.000783
0.001363
0.001294
0.001257
0.000779
0.001347
0.000925
0.000805
0.001130
0.001853
0.000783
0.001530
0.000833
0.000784
0.001044
0.000806
0.001499
0.000828
0.001429
0.000782
0.001116
0.000802
0.001478
0.000787
0.000781
0.001418
0.001554
0.000770
0.001029
0.000774
0.001136
0.000822
0.001362
0.001509
0.001636
0.000819
0.000793
0.001371
0.001274
0.000803
0.000787
0.000780
0.000797
0.001356
0.000855
0.001175
0.000816
0.001433
0.000795
0.000786
0.000788
0.000913
0.001238
0.001468
0.000810
0.001065
0.001429
0.000812
0.001312
0.001336
0.001477
0.000971
0.001237
0.000801
0.000786
0.001376
0.000799
0.001154
0.001141
0.000809
0.001457
0.001516
0.000797
0.001437
0.000796
0.002057
0.001758
0.000778
0.000823
0.000782
0.001356
0.000955
0.000780
0.001489
0.000787
0.000784
0.000783
0.001106
0.001453
0.000999
0.000805
0.001329
0.000782
0.001327
0.000796
0.001519
0.000811
0.001368
0.000889
0.000783
0.001177
0.000783
0.001115
0.000797
0.000832
0.001490
0.000901
0.000810
0.000814
0.001464
0.001322
0.001232
0.000777
0.000819
0.001168
0.000782
0.000812
0.000798
0.001116
0.001125
0.000830
0.001098
0.001471
0.000789
0.001379
0.000900
0.000976
0.000784
0.001074
0.000784
0.001048
0.000778
0.001361
0.000800
0.000778
0.001326
0.000831
0.001084
0.001498
0.000796
0.000781
0.000826
0.001464
0.001476
0.000922
0.001008
0.000783
0.001367
0.000780
0.000786
0.001121
0.001268
0.001094
0.000795
0.001348
0.001161
0.000793
0.000818
0.000790
0.000807
0.000784
0.000816
0.000815
0.000810
0.001067
0.000775
0.001149
0.000796
0.000820
0.001087
0.000785
0.001644
0.001692
0.000783
0.000783
0.000792
0.000784
0.000806
0.001348
0.000860
0.001927
0.000780
0.000786
0.000795
0.001111
0.000804
0.001118
0.000780
0.000787
0.001128
0.000814
0.001107
0.000785
0.000807
0.000805
0.001427
0.000818
0.001150
0.000780
0.000803
0.001203
0.000783
0.000803
0.000874
0.001093
0.000781
0.000778
0.001081
0.000754
0.001039
0.000797
0.000942
0.000862
0.001095
0.000779
0.000778
0.000784
0.001137
0.000774
0.000806
0.001336
0.000799
0.000781
0.000779
0.000779
0.000779
0.000782
0.001327
0.000885
0.000784
0.000823
0.001570
0.000786
0.000888
0.001296
0.000801
0.001333
0.000843
0.000790
0.001379
0.000780
0.000785
0.001029
0.000803
0.001141
0.000782
0.001121
0.000799
0.001136
0.000797
0.000792
0.000774
0.001062
0.000928
0.001187
0.001291
0.000815
0.000953
0.000806
0.000781
0.000960
0.001107
0.002128
0.000779
0.000807
0.001185
0.000786
0.001132
0.000784
0.000836
0.001205
0.000778
0.000983
0.000802
0.001409
0.000799
0.000819
0.001216
0.000799
0.000969
0.001145
0.000800
0.001344
0.000804
0.000800
0.000795
0.001966
0.000776
0.000781
0.001145
0.000787
0.000802
0.000808
0.000808
0.000886
0.000959
0.000783
0.000879
0.001164
0.000774
0.001324
0.000856
0.001125
0.000776
0.001070
0.000819
0.001150
0.000794
0.001131
0.000787
0.000800
0.000813
0.000841
0.000799
0.001324
0.000811
0.000833
0.000783
0.000786
0.000939
0.001232
0.000788
0.001139
0.000780
0.001076
0.000778
0.000787
0.001140
0.000785
0.000814
0.000816
0.000828
0.000784
0.000964
0.000777
0.001349
0.000882
0.000789
0.000828
0.000781
0.000818
0.001060
0.000825
0.000832
0.000778
0.000780
0.000872
0.000784
0.001427
0.000791
0.000872
0.001040
0.000780
0.001246
0.000800
0.001015
0.000792
0.000774
0.000872
0.000812
0.000865
0.000804
0.000780
0.001744
0.000780
0.000799
0.000935
0.000783
0.000786
0.000776
0.000823
0.000778
0.000798
0.000791
0.000807
0.000790
0.000980
0.000778
0.000781
0.000801
0.000800
0.000779
0.000800
0.000853
0.001390
0.001048
0.000782
0.000813
0.001355
0.000793
0.001353
0.001197
0.000797
0.001786
0.000787
0.000809
0.001540
0.000780
0.001108
0.001141
0.000776
0.000853
0.000778
0.000862
0.000794
0.000810
0.000786
0.000950
0.000799
0.000852
0.001481
0.000798
0.000801
0.000775
0.000780
0.000769
0.000800
0.000779
0.000811
0.001356
0.000775
0.001145
0.000807
0.000780
0.000792
0.000809
0.000800
0.000794
0.000797
0.000783
0.000923
0.001410
0.000785
0.000816
0.000778
0.000806
0.000783
0.000781
0.000797
0.000778
0.001392
0.001391
0.000785
0.000822
0.000832
0.000804
0.000772
0.001443
0.001654
0.000818
0.000802
0.000792
0.000776
0.000783
0.000965
0.000857
0.000906
0.001446
0.000781
0.001313
0.000795
0.000818
0.000776
0.000797
0.000780
0.000778
0.000774
0.000780
0.000778
0.000782
0.000780
0.000803
0.000783
0.000785
0.000793
0.000799
0.000795
0.000789
0.000809
0.000781
0.000779
0.000799
0.000781
0.000801
0.000794
0.000782
0.000796
0.000798
0.000791
0.000794
0.000811
0.000822
0.000777
0.000816
0.000784
0.000776
0.001352
0.000802
0.000776
0.000799
0.000800
0.000797
0.000778
0.000825
0.000770
0.000794
0.000803
0.000804
0.000801
0.000778
0.000801
0.000785
0.000806
0.000797
0.000797
0.000777
0.000783
0.000784
0.000772
0.000780
0.000785
0.000774
0.000790
0.000808
0.000787
0.000852
0.000783
0.000779
0.000781
0.000846
0.000795
0.000814
0.000809
0.000825
0.000776
0.000793
0.000795
0.000805
0.000786
0.000808
0.000829
0.000886
0.000784
0.000780
0.000795
0.000777
0.000798
0.000806
0.000801
0.000792
0.000799
0.000796
0.000781
0.000780
0.000804
0.000786
0.000801
0.000815
0.000807
0.000816
0.000777
0.000793
0.000801
0.000779
0.000781
0.000770
0.000774
0.000792
0.000822
0.000780
0.000826
0.000793
0.000814
0.000780
0.000794
0.000792
0.000799
0.000792
0.000786
0.000781
0.000792
0.000779
0.000782
0.000785
0.000772
0.000782
0.000780
0.000798
0.000780
0.000776
0.000809
0.002063
0.000836
0.000814
0.000794
0.000805
0.000780
0.000813
0.000779
0.000811
0.001191
0.000795
0.000782
0.000799
0.000780
0.000810
0.002118
0.000786
0.000778
0.000785
0.000795
0.000795
0.000792
0.000775
0.000781
0.000817
0.000838
0.000783
0.000801
0.000796
0.000819
0.000782
0.000789
0.000778
0.000798
0.001071
0.000782
0.000775
0.000783
0.001091
0.000795
0.000807
0.000793
0.000779
0.000796
0.001024
0.000777
0.000774
0.000781
0.000794
0.000778
0.000779
0.000778
0.000782
0.000805
0.001029
0.000795
0.000812
0.000796
0.000781
0.000797
0.000783
0.000782
0.000776
0.000789
0.000770
0.000827
0.000779
0.000819
0.000778
0.000795
0.000804
0.000836
0.000777
0.000811
0.000788
0.000804
0.000831
0.000838
0.000800
0.000796
0.000791
0.000809
0.000793
0.000780
0.000820
0.001074
0.001284
0.000802
0.000779
0.000849
0.001339
0.000794
0.000784
0.000816
0.000802
0.000805
0.000813
0.000826
0.000799
0.000796
0.000783
0.000845
0.000764
0.000800
0.000811
0.000782
0.000833
0.000783
0.000782
0.000786
0.000779
0.000791
0.000807
0.000795
0.000823
0.000776
0.000790
0.000776
0.000777
0.000777
0.000797
0.000803
0.000780
0.002310
0.001146
0.000801
0.000817
0.000809
0.000782
0.000805
0.000778
0.000836
0.000783
0.000777
0.000807
0.000793
0.000795
0.000775
0.000803
0.000772
0.000818
0.000771
0.000793
0.000794
0.000785
0.000797
0.000783
0.000798
0.000774
0.000783
0.000782
0.000804
0.000798
0.000800
0.000785
0.000806
0.000779
0.000795
0.000779
0.000773
0.000795
0.000783
0.000794
0.000778
0.000781
0.000781
0.000814
0.000781
0.000809
0.000799
0.000776
0.000800
0.000783
0.000804
0.000784
0.000805
0.000797
0.000801
0.000783
0.000775
0.000783
0.000769
0.000811
0.000784
0.000785
0.000790
0.000781
0.000785
0.000766
0.000777
0.000797
0.000783
0.000780
0.000806
0.001309
0.001022
0.000804
0.000780
0.000769
0.000782
0.000804
0.000943
0.001022
0.000795
0.000802
0.000806
0.000800
0.000780
0.000809
0.000778
0.000793
0.001222
0.000795
0.000786
0.000795
0.000779
0.000803
0.000795
0.000853
0.000780
0.000795
0.000782
0.000808
0.001898
0.000790
0.000773
0.000824
0.000783
0.000793
0.000801
0.000775
0.000795
0.000807
0.000772
0.000785
0.000861
0.001070
0.000804
0.000787
0.001069
0.000782
0.000783
0.001146
0.000814
0.000862
0.000774
0.001022
0.000783
0.000800
0.001126
0.000814
0.000799
0.000790
0.001610
0.000800
0.000809
0.000871
0.000779
0.000844
0.001132
0.000821
0.000811
0.000818
0.000822
0.001082
0.000797
0.001140
0.000833
0.001106
0.000792
0.000785
0.001025
0.000785
0.000817
0.001074
0.001149
0.000798
0.001333
0.000879
0.001346
0.000778
0.000776
0.000802
0.001540
0.001371
0.000777
0.001015
0.000771
0.000797
0.000808
0.000797
0.000779
0.001479
0.000803
0.000784
0.000787
0.000788
0.001279
0.000776
0.000787
0.000789
0.000802
0.000807
0.000780
0.000780
0.000779
0.000782
0.001475
0.000796
0.000810
0.000778
0.000781
0.000921
0.000799
0.001790
0.001350
0.000795
0.000822
0.000781
0.000780
0.000944
0.000793
0.000806
0.001140
0.000786
0.001288
0.001387
0.001989
0.000846
0.001450
0.000784
0.001620
0.000805
0.000780
0.000823
0.000846
0.001170
0.001533
0.000785
0.001437
0.000803
0.001626
0.001186
0.001652
0.000781
0.001603
0.001401
0.000801
0.001360
0.000855
0.000778
0.001026
0.001267
0.000776
0.000801
0.001494
0.000787
0.001531
0.000781
0.001958
0.001250
0.001128
0.000802
0.000797
0.000846
0.000779
0.000963
0.000784
0.001537
0.001928
0.000972
0.001501
0.000936
0.001151
0.001484
0.000808
0.001587
0.001318
0.000940
0.000788
0.001521
0.001341
0.000782
0.001199
0.001541
0.001276
0.001314
0.001267
0.000827
0.001111
0.001761
0.001363
0.001047
0.000783
0.001139
0.001335
0.000781
0.000900
0.000786
0.000801
0.001365
0.000813
0.001330
0.000804
0.000790
0.000781
0.001515
0.000992
0.000779
0.000784
0.001242
0.001302
0.000773
0.000796
0.000796
0.000781
0.001396
0.000811
0.000781
0.000804
0.001255
0.000808
0.000779
0.000850
0.000786
0.000793
0.000779
0.000804
0.001272
0.000912
0.000777
0.000809
0.000792
0.000794
0.000784
0.000816
0.001257
0.000781
0.000786
0.001010
0.000780
0.000799
0.000812
0.000799
0.000778
0.000770
0.000780
0.000798
0.000783
0.001301
0.000780
0.000820
0.000799
0.000829
0.000773
0.000780
0.000794
0.000826
0.000780
0.000831
0.000781
0.000767
0.000784
0.000779
0.000849
0.000783
0.000804
0.000780
0.000779
0.000779
0.000786
0.000797
0.000801
0.000795
0.000822
0.000807
0.000781
0.000800
0.000782
0.000872
0.000787
0.000786
0.000780
0.001059
0.000803
0.000803
0.000781
0.000822
0.001195
0.000775
0.000794
0.000842
0.000781
0.000835
0.000796
0.000822
0.000800
0.000798
0.000796
0.000803
0.000798
0.000776
0.001074
0.001449
0.000801
0.000797
0.000831
0.000804
0.000779
0.000777
0.000772
0.000795
0.000782
0.001337
0.000784
0.000796
0.000796
0.000782
0.000799
0.000799
0.000814
0.001363
0.000781
0.000797
0.000801
0.000800
0.000783
0.000823
0.000784
0.000779
0.000799
0.000800
0.000823
0.000802
0.000830
0.000779
0.000796
0.001331
0.001043
0.000784
0.001177
0.000835
0.000804
0.000798
0.000776
0.000805
0.000928
0.000811
0.000798
0.000802
0.000782
0.000818
0.000807
0.000802
0.000771
0.000780
0.000797
0.000784
0.000773
0.000826
0.000779
0.000778
0.000781
0.000805
0.001993
0.000932
0.000783
0.000788
0.000780
0.000781
0.000838
0.001231
0.000780
0.002344
0.000853
0.000784
0.000806
0.000779
0.000809
0.001331
0.000780
0.000780
0.000857
0.000803
0.000802
0.000779
0.000795
0.000778
0.000803
0.000781
0.000810
0.001475
0.000783
0.000783
0.000779
0.000782
0.000796
0.000783
0.001997
0.001102
0.000812
0.000826
0.000800
0.000778
0.000810
0.000779
0.000779
0.000797
0.000803
0.000785
0.000803
0.000780
0.000783
0.000821
0.000779
0.000826
0.000783
0.000799
0.000779
0.000781
0.000825
0.001318
0.000772
0.000798
0.000790
0.000780
0.000784
0.000773
0.000815
0.000823
0.000980
0.001295
0.000804
0.000809
0.001411
0.000789
0.000783
0.000788
0.000779
0.000818
0.000796
0.000819
0.000777
0.000819
0.001377
0.000809
0.000774
0.000815
0.000779
0.000947
0.000779
0.000851
0.000777
0.000803
0.000789
0.000779
0.000777
0.000796
0.000780
0.000793
0.000814
0.000773
0.000802
0.000791
0.000783
0.000774
0.000796
0.000778
0.000789
0.000779
0.000780
0.000829
0.000796
0.000820
0.000793
0.000829
0.000784
0.000794
0.000797
0.000818
0.000780
0.000796
0.000798
0.000800
0.000813
0.001184
0.000846
0.000822
0.000781
0.000776
0.001854
0.000780
0.000800
0.001084
0.000796
0.000780
0.000809
0.000830
0.000820
0.000781
0.000783
0.000781
0.000808
0.000781
0.000779
0.000799
0.000778
0.000781
0.000798
0.000772
0.000810
0.000784
0.000775
0.000804
0.000799
0.000794
0.000806
0.000803
0.000784
0.000809
0.000794
0.001079
0.000832
0.000797
0.000804
0.000778
0.000791
0.000784
0.000813
0.000814
0.000801
0.000779
0.000782
0.000794
0.000901
0.000779
0.000780
0.001429
0.000775
0.000781
0.000825
0.000805
0.000798
0.000779
0.000800
0.000808
0.000772
0.000823
0.000779
0.000798
0.000784
0.000836
0.000800
0.000777
0.001136
0.000792
0.000781
0.000777
0.000794
0.000810
0.000775
0.000810
0.000795
0.000804
0.001406
0.000780
0.000827
0.000874
0.000781
0.000780
0.000783
0.000799
0.000832
0.000775
0.000780
0.000779
0.000851
0.000793
0.000796
0.000798
0.000794
0.000799
0.000800
0.000801
0.000802
0.000802
0.000782
0.000829
0.000822
0.000851
0.000872
0.000797
0.001028
0.001162
0.001201
0.002211
0.000779
0.002294
0.000803
0.001088
0.000789
0.000898
0.000785
0.001570
0.000790
0.000799
0.000793
0.001249
0.000802
0.000850
0.000798
0.000781
0.001010
0.000783
0.001380
0.000812
0.001067
0.000807
0.000809
0.000803
0.001680
0.000840
0.001324
0.000786
0.000992
0.001431
0.000830
0.000804
0.001278
0.000793
0.000788
0.000957
0.001181
0.000836
0.000962
0.000797
0.000787
0.001551
0.001428
0.000810
0.000782
0.000861
0.000790
0.001605
0.000820
0.000808
0.000798
0.001047
0.001246
0.000849
0.000782
0.001558
0.000876
0.000782
0.000914
0.001467
0.001269
0.000846
0.001294
0.001810
0.000801
0.000787
0.001269
0.000781
0.001371
0.000789
0.000818
0.001346
0.001000
0.001060
0.001246
0.000804
0.001349
0.000807
0.000803
0.001036
0.001426
0.000776
0.000804
0.000801
0.001448
0.001538
0.001075
0.000786
0.001052
0.001345
0.000781
0.000798
0.000813
0.001817
0.001343
0.000785
0.000807
0.001159
0.000827
0.001127
0.000798
0.000785
0.000803
0.000796
0.001124
0.000801
0.001163
0.001221
0.001484
0.000806
0.000805
0.000838
0.000852
0.001693
0.001921
0.000788
0.001210
0.000788
0.000780
0.000783
0.000835
0.001667
0.000788
0.001353
0.001059
0.001096
0.000782
0.001094
0.000784
0.001468
0.001372
0.000781
0.001363
0.001820
0.001365
0.000997
0.000830
0.001351
0.000784
0.000877
0.000901
0.000785
0.001405
0.000799
0.000955
0.000803
0.000857
0.001552
0.001160
0.001376
0.000778
0.000802
0.000786
0.000800
0.000957
0.000895
0.000834
0.000785
0.000849
0.000781
0.000925
0.000790
0.001363
0.001330
0.000799
0.001037
0.001524
0.000784
0.001080
0.000785
0.001109
0.001092
0.000808
0.000917
0.001153
0.000796
0.001522
0.001450
0.000780
0.000806
0.001326
0.000787
0.000783
0.000779
0.000781
0.000806
0.001520
0.000778
0.001299
0.001415
0.000780
0.000830
0.001156
0.000814
0.000821
0.001212
0.000929
0.000791
0.001781
0.000784
0.000799
0.000786
0.001456
0.001400
0.000802
0.000849
0.000777
0.000780
0.000783
0.000828
0.000777
0.000994
0.000846
0.000790
0.000870
0.000915
0.000807
0.000784
0.001382
0.001206
0.000784
0.000803
0.000779
0.000800
0.000791
0.001230
0.000781
0.000785
0.000784
0.000781
0.000790
0.000780
0.000772
0.000956
0.000783
0.000809
0.000777
0.000778
0.000810
0.000827
0.000789
0.000791
0.000802
0.000779
0.000800
0.000794
0.000784
0.000799
0.000783
0.000808
0.000839
0.000784
0.000805
0.000783
0.000788
0.000779
0.000784
0.000782
0.000811
0.000781
0.000785
0.000874
0.000806
0.000795
0.001290
0.000807
0.000804
0.000779
0.000780
0.000787
0.000781
0.000777
0.000780
0.000795
0.000799
0.000780
0.000791
0.000783
0.000779
0.001235
0.000815
0.000792
0.000807
0.000781
0.000781
0.000783
0.000798
0.000778
0.000798
0.000813
0.000804
0.000787
0.000857
0.000782
0.000795
0.000792
0.000796
0.000779
0.000782
0.000799
0.000805
0.000819
0.000799
0.000788
0.000780
0.000789
0.000779
0.000802
0.000780
0.000816
0.000779
0.000830
0.000789
0.000797
0.000778
0.000780
0.000777
0.000785
0.000813
0.000783
0.000795
0.000807
0.000804
0.000776
0.000783
0.000800
0.000796
0.000781
0.000807
0.000782
0.000782
0.000797
0.000799
0.000857
0.000780
0.000828
0.000810
0.000777
0.000796
0.000782
0.000784
0.000798
0.000803
0.000801
0.000793
0.000797
0.000779
0.000772
0.000797
0.000813
0.000775
0.000820
0.000779
0.000842
0.000810
0.000784
0.000788
0.000780
0.001983
0.000801
0.000804
0.000773
0.000810
0.000920
0.001233
0.000777
0.000795
0.000781
0.000800
0.000784
0.000847
0.002679
0.002024
0.000782
0.001340
0.000829
0.000804
0.000795
0.000783
0.001147
0.001612
0.000788
0.001413
0.000995
0.000779
0.000796
0.000783
0.001194
0.001273
0.000789
0.000819
0.001160
0.001220
0.000816
0.001380
0.000809
0.000780
0.000807
0.001011
0.000784
0.000783
0.001540
0.001356
0.001598
0.000785
0.000812
0.000894
0.000793
0.002261
0.000802
0.001504
0.000799
0.000901
0.000816
0.001005
0.000784
0.000817
0.000787
0.000809
0.000989
0.000994
0.000787
0.001507
0.000823
0.000784
0.001325
