0.000685
0.000476
0.000435
0.000438
0.000468
0.000439
0.000430
0.000453
0.000441
0.000452
0.000458
0.000451
0.000439
0.000785
0.000451
0.000436
0.000442
0.000469
0.000440
0.000454
0.000456
0.000451
0.000441
0.000455
0.000440
0.000440
0.000460
0.000430
0.000438
0.000446
0.000434
0.000449
0.000453
0.000440
0.000434
0.000440
0.001034
0.000717
0.000478
0.000433
0.000434
0.001097
0.000434
0.000475
0.001049
0.000569
0.001125
0.000437
0.000434
0.000577
0.000431
0.000429
0.000436
0.000440
0.000474
0.000569
0.000466
0.000457
0.000435
0.000450
0.000432
0.000903
0.000439
0.000685
0.000443
0.000451
0.000438
0.000440
0.000433
0.000449
0.000442
0.000442
0.000971
0.000433
0.000748
0.000453
0.000439
0.000647
0.000433
0.000447
0.000452
0.000449
0.001178
0.000446
0.000439
0.000458
0.000464
0.000901
0.000438
0.000691
0.000462
0.000817
0.000562
0.000435
0.000465
0.000440
0.000436
0.001300
0.000453
0.000438
0.000437
0.000453
0.000435
0.000553
0.001079
0.000436
0.000439
0.000429
0.000452
0.000770
0.001035
0.001044
0.000443
0.001265
0.000437
0.000965
0.000441
0.000457
0.000862
0.000478
0.000795
0.000713
0.000445
0.000566
0.000993
0.000453
0.000854
0.000444
0.000979
0.000977
0.000460
0.000434
0.000436
0.000443
0.000629
0.000442
0.000429
0.000736
0.001025
0.000437
0.000742
0.000440
0.000616
0.000543
0.000489
0.000433
0.000443
0.000436
0.000833
0.000446
0.000679
0.000528
0.000862
0.000455
0.000437
0.000818
0.000447
0.000452
0.000553
0.000440
0.000438
0.000436
0.000468
0.000600
0.000532
0.000433
0.001033
0.000443
0.000841
0.000437
0.000442
0.000435
0.000438
0.000440
0.000435
0.000452
0.001008
0.000440
0.000447
0.000459
0.000686
0.000520
0.000433
0.000437
0.000460
0.000437
0.000436
0.000902
0.000445
0.000433
0.001015
0.000976
0.000440
0.000467
0.000716
0.000438
0.000435
0.000446
0.000446
0.000435
0.000466
0.000437
0.000428
0.000664
0.000450
0.000445
0.000445
0.000461
0.000437
0.000436
0.000445
0.000430
0.000437
0.000527
0.000460
0.000457
0.000434
0.000497
0.000440
0.000436
0.000450
0.000437
0.000449
0.001163
0.001006
0.000444
0.000434
0.000436
0.000488
0.001272
0.000442
0.000430
0.001231
0.000442
0.000470
0.000880
0.000455
0.000451
0.000965
0.000439
0.000947
0.001263
0.000436
0.000522
0.000913
0.000441
0.000435
0.000786
0.000462
0.000466
0.000903
0.000455
0.000437
0.000441
0.000476
0.000785
0.000991
0.000895
0.000454
0.000438
0.000434
0.000436
0.000455
0.000724
0.000460
0.000971
0.001015
0.000442
0.000437
0.000444
0.000759
0.000436
0.000766
0.000990
0.000975
0.000475
0.000435
0.000438
0.000457
0.000696
0.000467
0.000435
0.000469
0.000448
0.000442
0.000469
0.000739
0.000442
0.000433
0.000448
0.000434
0.000464
0.000729
0.000434
0.000475
0.000432
0.000788
0.000439
0.000857
0.000972
0.000457
0.000526
0.000444
0.000736
0.000492
0.000444
0.000436
0.000467
0.000444
0.000442
0.000849
0.001063
0.000454
0.000438
0.000462
0.000433
0.000441
0.000433
0.000466
0.000853
0.000463
0.000437
0.000438
0.000436
0.000697
0.000443
0.000450
0.000439
0.000436
0.000647
0.000456
0.000436
0.000623
0.000485
0.000802
0.000443
0.000869
0.000439
0.000434
0.000431
0.000433
0.000440
0.000462
0.000434
0.000437
0.000472
0.000446
0.000440
0.000615
0.000472
0.000438
0.000436
0.000436
0.000434
0.000439
0.000433
0.000487
0.000437
0.001182
0.000451
0.000441
0.000445
0.000438
0.000633
0.000445
0.000470
0.000438
0.000436
0.000476
0.000440
0.000437
0.000496
0.000449
0.000434
0.000437
0.000438
0.000438
0.000995
0.000439
0.000435
0.000651
0.000477
0.000457
0.000435
0.000437
0.000445
0.000435
0.000438
0.000443
0.000594
0.001001
0.000487
0.000453
0.000472
0.000439
0.000440
0.000452
0.000432
0.000439
0.000461
0.000440
0.000560
0.000460
0.000444
0.000431
0.000434
0.000432
0.000457
0.000451
0.000448
0.000453
0.000437
0.000444
0.000774
0.000456
0.000443
0.000452
0.000437
0.000437
0.000441
0.000448
0.000451
0.000737
0.000446
0.000459
0.000440
0.000439
0.000441
0.000436
0.000452
0.000455
0.000431
0.000575
0.000481
0.000439
0.000439
0.000435
0.000450
0.001260
0.000461
0.000437
0.000449
0.000488
0.000455
0.001232
0.000434
0.000465
0.000457
0.000444
0.001257
0.000438
0.000892
0.000456
0.000438
0.000437
0.000452
0.000562
0.000443
0.000475
0.000432
0.000432
0.000478
0.000429
0.000434
0.000487
0.000437
0.000790
0.000491
0.001016
0.000446
0.000480
0.000431
0.000436
0.000439
0.000431
0.000432
0.000657
0.000441
0.000765
0.000478
0.000521
0.000612
0.000438
0.000433
0.000583
0.000457
0.000439
0.000437
0.000444
0.000432
0.000451
0.000944
0.000443
0.000799
0.000442
0.000513
0.000441
0.000454
0.000431
0.000437
0.000452
0.000437
0.000433
0.001116
0.000443
0.000458
0.000450
0.000460
0.000436
0.000439
0.000437
0.000435
0.000467
0.000453
0.000439
0.000456
0.000443
0.000443
0.000435
0.000433
0.000443
0.000446
0.000453
0.001037
0.000493
0.000450
0.000657
0.000463
0.000438
0.000458
0.000437
0.000866
0.000442
0.000440
0.000437
0.001263
0.000562
0.000457
0.000432
0.000434
0.000953
0.000627
0.000626
0.000459
0.000436
0.000438
0.000437
0.000465
0.000454
0.000780
0.000456
0.000446
0.000447
0.000438
0.000441
0.000461
0.000447
0.000438
0.001309
0.000462
0.000437
0.000433
0.000439
0.000440
0.000478
0.000436
0.000444
0.000437
0.000441
0.000455
0.000517
0.000468
0.000916
0.000474
0.000437
0.000457
0.000452
0.000532
0.000457
0.000866
0.000471
0.000899
0.000456
0.000803
0.000780
0.001293
0.000440
0.000885
0.000517
0.000458
0.000443
0.000780
0.000672
0.000604
0.000450
0.000461
0.000436
0.000437
0.000457
0.000608
0.000449
0.000752
0.000450
0.000990
0.000435
0.000759
0.000433
0.000436
0.000466
0.001086
0.000463
0.000795
0.000446
0.000443
0.000449
0.000437
0.000454
0.000438
0.000450
0.000472
0.000442
0.000458
0.000457
0.000880
0.000454
0.000657
0.000441
0.000438
0.000440
0.000435
0.000448
0.000439
0.000989
0.000452
0.000439
0.000447
0.000447
0.000436
0.000432
0.001005
0.000451
0.000456
0.000441
0.000438
0.000433
0.000451
0.000441
0.000451
0.000629
0.000455
0.000466
0.000500
0.000463
0.000457
0.000456
0.000435
0.000786
0.000717
0.001014
0.000527
0.001088
0.000442
0.000459
0.000443
0.000438
0.000463
0.000657
0.000743
0.000463
0.000463
0.000436
0.000447
0.000434
0.000437
0.000439
0.000440
0.000442
0.000430
0.000447
0.000446
0.000632
0.000512
0.000451
0.000460
0.000438
0.000454
0.000608
0.000457
0.000442
0.000439
0.000797
0.000633
0.000628
0.000435
0.000462
0.000457
0.000436
0.000438
0.000651
0.000573
0.000972
0.000460
0.000441
0.000436
0.000448
0.001290
0.000441
0.000469
0.000437
0.000865
0.000567
0.001013
0.000436
0.000458
0.000445
0.000440
0.000437
0.000429
0.000449
0.001126
0.000443
0.000441
0.000479
0.000435
0.000805
0.000560
0.000453
0.000433
0.000707
0.000556
0.000473
0.000431
0.000529
0.000440
0.000449
0.000982
0.000626
0.000454
0.000848
0.000435
0.000576
0.000889
0.000919
0.000443
0.000439
0.000880
0.000658
0.000436
0.000686
0.000436
0.000437
0.000848
0.000994
0.000974
0.000485
0.000438
0.001023
0.000435
0.000748
0.000451
0.000512
0.000457
0.000677
0.000439
0.000440
0.000435
0.000726
0.000451
0.000436
0.000435
0.000982
0.000439
0.000468
0.000528
0.000453
0.000460
0.000458
0.000441
0.000459
0.000434
0.000620
0.000453
0.000440
0.000434
0.000801
0.000495
0.000441
0.000450
0.000432
0.000434
0.000644
0.000521
0.000662
0.000483
0.000478
0.001095
0.000483
0.000434
0.000430
0.000843
0.000464
0.000437
0.000444
0.000438
0.000436
0.000436
0.000437
0.000457
0.000442
0.000548
0.000905
0.000541
0.000912
0.000442
0.000439
0.000441
0.000506
0.000434
0.000984
0.000442
0.000684
0.000878
0.001297
0.000438
0.000764
0.000616
0.001006
0.000627
0.000440
0.001261
0.000679
0.000453
0.000436
0.000472
0.000764
0.000455
0.000730
0.000817
0.000459
0.000438
0.000436
0.000511
0.000690
0.000469
0.000436
0.000573
0.000440
0.000968
0.000447
0.000440
0.000493
0.000443
0.000436
0.000488
0.000452
0.000507
0.000926
0.000457
0.000433
0.000457
0.000446
0.000443
0.000459
0.000444
0.000439
0.000811
0.000527
0.000442
0.000435
0.000439
0.000712
0.000590
0.000452
0.000438
0.000439
0.000435
0.000437
0.000451
0.000454
0.000433
0.001023
0.000465
0.000441
0.000447
0.000724
0.001258
0.000458
0.000450
0.000460
0.001041
0.000855
0.000437
0.001238
0.000693
0.000433
0.000439
0.000443
0.000445
0.000440
0.000451
0.000443
0.000440
0.000464
0.000572
0.000972
0.000853
0.000441
0.000965
0.000919
0.000436
0.000440
0.000960
0.000716
0.000458
0.000804
0.000444
0.001178
0.001037
0.000437
0.000814
0.001253
0.000939
0.000998
0.000441
0.000450
0.000441
0.000439
0.000676
0.000841
0.000677
0.000457
0.001216
0.000666
0.000482
0.000527
0.000464
0.000554
0.000435
0.000921
0.000754
0.000434
0.000445
0.001139
0.000640
0.001254
0.001061
0.001293
0.000575
0.000453
0.000531
0.000989
0.000434
0.000455
0.000446
0.000444
0.000680
0.000832
0.000873
0.000453
0.000438
0.001183
0.000439
0.000725
0.000454
0.000819
0.000442
0.000444
0.001096
0.000440
0.000637
0.000438
0.000688
0.000760
0.000739
0.000921
0.000451
0.001209
0.000446
0.000437
0.000668
0.001008
0.000439
0.000749
0.001287
0.000459
0.000972
0.000909
0.000431
0.000801
0.000558
0.000472
0.001325
0.000437
0.000677
0.001140
0.000435
0.000436
0.000993
0.000444
0.000455
0.001290
0.000436
0.000436
0.000462
0.000455
0.000799
0.000538
0.001014
0.000439
0.001058
0.001030
0.000438
0.000606
0.000459
0.000773
0.001016
0.000443
0.000917
0.000455
0.001158
0.000443
0.000447
0.000437
0.000491
0.000458
0.000456
0.000779
0.000436
0.001155
0.000637
0.000521
0.000434
0.000437
0.001163
0.000610
0.000436
0.000458
0.001001
0.000459
0.000451
0.000436
0.000440
0.000466
0.000434
0.000448
0.000436
0.000443
0.000709
0.000459
0.000701
0.000452
0.000433
0.000883
0.000998
0.000692
0.000432
0.000866
0.000458
0.000435
0.000433
0.000786
0.000455
0.000440
0.000447
0.000447
0.000449
0.000449
0.000433
0.000435
0.000435
0.000435
0.000448
0.000433
0.000615
0.000433
0.000475
0.000433
0.000438
0.000471
0.000432
0.000446
0.000457
0.000436
0.000429
0.000459
0.000480
0.000436
0.000451
0.000435
0.000500
0.000452
0.000431
0.000471
0.000437
0.000447
0.000450
0.000446
0.000438
0.000441
0.000462
0.000435
0.000437
0.000432
0.000439
0.000433
0.000434
0.000435
0.000436
0.000452
0.000452
0.000437
0.000438
0.000434
0.000436
0.000428
0.000453
0.000434
0.000440
0.000430
0.000432
0.000453
0.000436
0.000437
0.000435
0.000439
0.000459
0.000474
0.000483
0.000432
0.000436
0.000451
0.000454
0.000451
0.000440
0.000449
0.000433
0.000434
0.000462
0.000435
0.000430
0.000432
0.000436
0.000437
0.000453
0.000437
0.000456
0.000431
0.000430
0.000433
0.000450
0.000433
0.000434
0.000436
0.000436
0.000881
0.000966
0.000439
0.000438
0.000452
0.000437
0.000432
0.000464
0.000437
0.000434
0.000987
0.000944
0.000434
0.000447
0.000434
0.000434
0.000450
0.000434
0.000427
0.000435
0.000440
0.000435
0.000448
0.000438
0.000444
0.000433
0.000436
0.000446
0.000557
0.000473
0.000783
0.000886
0.000431
0.000431
0.000436
0.000437
0.000440
0.000972
0.000447
0.000430
0.000459
0.000449
0.000434
0.000464
0.000453
0.000444
0.000456
0.000439
0.000442
0.000445
0.000435
0.000433
0.001212
0.000458
0.000439
0.000434
0.000455
0.000450
0.000433
0.000434
0.000941
0.000451
0.000423
0.000437
0.000451
0.000432
0.000454
0.000435
0.000433
0.000455
0.000435
0.000428
0.000444
0.000432
0.000450
0.000457
0.000958
0.000435
0.000432
0.000435
0.000439
0.000436
0.000439
0.000462
0.000452
0.000448
0.000434
0.000442
0.000458
0.000431
0.000447
0.000433
0.000434
0.000438
0.000432
0.000438
0.000447
0.000429
0.000432
0.000439
0.000979
0.000485
0.000447
0.000432
0.000442
0.000434
0.000449
0.000436
0.000434
0.000435
0.000443
0.000436
0.000469
0.000450
0.000434
0.000438
0.000435
0.000451
0.000551
0.000436
0.000436
0.000435
0.000436
0.000465
0.000435
0.000434
0.000436
0.000454
0.000448
0.000432
0.000459
0.000960
0.000468
0.000432
0.000455
0.000449
0.000436
0.000439
0.000451
0.000455
0.000435
0.000944
0.000434
0.000457
0.000434
0.000450
0.000434
0.000455
0.000450
0.000449
0.000450
0.000435
0.000478
0.000436
0.000438
0.000435
0.000449
0.000434
0.000434
0.000435
0.000440
0.000436
0.000435
0.000444
0.000490
0.000462
0.000453
0.000450
0.000434
0.000432
0.000424
0.000438
0.000432
0.000450
0.000429
0.000431
0.000440
0.000436
0.000434
0.000428
0.000448
0.000485
0.000449
0.000436
0.000445
0.000438
0.000438
0.000436
0.000437
0.000449
0.000439
0.000435
0.000446
0.000435
0.000430
0.000439
0.000434
0.000435
0.000445
0.000450
0.000434
0.000448
0.000438
0.000451
0.000440
0.000434
0.000435
0.000439
0.000446
0.000450
0.000444
0.000437
0.000449
0.000436
0.000435
0.000451
0.001011
0.000440
0.000460
0.000431
0.000434
0.000453
0.000434
0.000434
0.000429
0.000449
0.000438
0.000438
0.000436
0.000437
0.000434
0.000436
0.000435
0.000435
0.000438
0.000435
0.000436
0.000447
0.000439
0.000435
0.000450
0.000430
0.000440
0.000434
0.000452
0.000450
0.000463
0.000435
0.000431
0.000432
0.000437
0.000434
0.000434
0.000440
0.000449
0.000440
0.000441
0.000454
0.000432
0.000436
0.000451
0.000436
0.000447
0.000494
0.000430
0.000451
0.000431
0.000440
0.000454
0.000437
0.000436
0.000434
0.000434
0.000437
0.000443
0.000453
0.000451
0.000429
0.000451
0.000451
0.000445
0.000435
0.000434
0.000437
0.000437
0.000435
0.000456
0.000430
0.000452
0.000449
0.000438
0.000521
0.000448
0.000435
0.000440
0.000433
0.000431
0.000433
0.000443
0.000436
0.000434
0.000438
0.001015
0.000450
0.000450
0.000450
0.001066
0.000436
0.000450
0.000978
0.000447
0.000885
0.000438
0.000434
0.000448
0.000456
0.000433
0.000448
0.000463
0.000968
0.000467
0.000436
0.000448
0.000446
0.000435
0.000431
0.000434
0.000447
0.000453
0.000802
0.000446
0.000434
0.000437
0.000434
0.000440
0.000435
0.000450
0.000439
0.000431
0.000442
0.000436
0.000462
0.000451
0.000432
0.000438
0.000439
0.001398
0.000434
0.000437
0.000654
0.000456
0.000867
0.000456
0.000892
0.000442
0.000448
0.000793
0.000979
0.000437
0.000434
0.000509
0.000977
0.000479
0.000437
0.000456
0.000435
0.000454
0.000450
0.000437
0.001255
0.000982
0.000651
0.001040
0.001068
0.000995
0.000448
0.000442
0.001202
0.000444
0.000454
0.000445
0.000477
0.000454
0.000436
0.000432
0.000657
0.000462
0.000439
0.000439
0.000455
0.000831
0.000437
0.000553
0.000605
0.000442
0.000777
0.000458
0.000622
0.000561
0.000535
0.000438
0.000441
0.000768
0.000476
0.000745
0.000456
0.000663
0.000433
0.000444
0.000441
0.000846
0.000579
0.000439
0.000436
0.000566
0.000438
0.000437
0.000455
0.000793
0.000551
0.000453
0.000449
0.000649
0.000455
0.000875
0.000437
0.000438
0.000603
0.001006
0.000438
0.000433
0.000448
0.000462
0.000928
0.000459
0.000983
0.000439
0.000445
0.000982
0.000439
0.000440
0.000935
0.000468
0.000443
0.000435
0.000443
0.000461
0.000450
0.000437
0.000439
0.000435
0.000441
0.000446
0.000461
0.000440
0.000672
0.000985
0.000438
0.000449
0.000472
0.000448
0.000432
0.000448
0.000452
0.000431
0.000489
0.000433
0.000524
0.000615
0.000456
0.000437
0.000457
0.000435
0.000784
0.001100
0.000994
0.000434
0.001088
0.000448
0.000438
0.000878
0.000473
0.000665
0.000445
0.000443
0.000861
0.000434
0.000458
0.000455
0.000442
0.000437
0.000440
0.000692
0.000969
0.000463
0.000439
0.000447
0.000439
0.001207
0.001066
0.000472
0.000442
0.000985
0.000450
0.000435
0.000439
0.000437
0.000433
0.000807
0.000458
0.000463
0.000445
0.000439
0.000838
0.000619
0.001277
0.000438
0.000656
0.000981
0.000488
0.000853
0.001160
0.000453
0.000451
0.000431
0.000440
0.000444
0.000478
0.000456
0.000826
0.000451
0.000457
0.000433
0.000868
0.000438
0.000820
0.000461
0.000849
0.000439
0.000944
0.000446
0.000462
0.000787
0.001015
0.000462
0.000436
0.000437
0.000750
0.001024
0.001047
0.000976
0.000459
0.000453
0.000840
0.000972
0.000489
0.000431
0.000819
0.000439
0.000447
0.000434
0.000738
0.000482
0.000441
0.000444
0.000438
0.000791
0.000980
0.000463
0.000677
0.000453
0.000515
0.000496
0.000765
0.000967
0.000911
0.000431
0.000870
0.001014
0.000509
0.000437
0.000433
0.000456
0.000774
0.000445
0.000446
0.000442
0.000440
0.000455
0.000464
0.000446
0.000453
0.001001
0.000559
0.000460
0.000845
0.000444
0.000596
0.000477
0.000463
0.000452
0.000784
0.000438
0.000436
0.000437
0.000430
0.000434
0.000438
0.000447
0.000433
0.000435
0.000450
0.000463
0.000584
0.000533
0.000443
0.000449
0.000450
0.000823
0.001131
0.000533
0.000447
0.000442
0.000801
0.000443
0.000737
0.000434
0.000776
0.000457
0.000694
0.000962
0.000440
0.000836
0.000444
0.000581
0.000450
0.001310
0.000442
0.000457
0.000440
0.000776
0.000517
0.000437
0.000441
0.000446
0.000454
0.000443
0.000456
0.000719
0.000479
0.000438
0.000436
0.000700
0.001037
0.001017
0.000452
0.000445
0.000460
0.000442
0.000436
0.000444
0.000798
0.000439
0.000459
0.000446
0.000446
0.000435
0.000441
0.000884
0.000441
0.000462
0.000980
0.000459
0.001010
0.000673
0.000598
0.000842
0.000454
0.000473
0.000838
0.000453
0.000781
0.000508
0.001030
0.000458
0.000442
0.000463
0.000713
0.000457
0.000700
0.000439
0.000841
0.000942
0.001055
0.000444
0.000453
0.000438
0.000436
0.000440
0.000441
0.000976
0.000439
0.000703
0.000434
0.000437
0.000439
0.000921
0.000448
0.000440
0.000436
0.001238
0.000460
0.000456
0.000517
0.000644
0.000522
0.000441
0.000442
0.000446
0.000441
0.000442
0.000836
0.000585
0.000480
0.000837
0.000459
0.000453
0.000439
0.000442
0.000441
0.000479
0.000721
0.001064
0.000439
0.000452
0.000440
0.000465
0.000439
0.000437
0.000992
0.000632
0.001077
0.000435
0.000643
0.000936
0.000438
0.000441
0.000977
0.000439
0.000882
0.000760
0.000771
0.000479
0.000434
0.000438
0.000570
0.000442
0.000614
0.000666
0.000781
0.000835
0.000446
0.000962
0.001106
0.000455
0.000518
0.000697
0.000602
0.000729
0.000434
0.000449
0.000496
0.001339
0.000551
0.000482
0.000442
0.000463
0.000887
0.000749
0.000570
0.001006
0.000452
0.000439
0.000443
0.000458
0.000639
0.000990
0.000448
0.000491
0.000443
0.000752
0.000507
0.001188
0.000439
0.000482
0.001009
0.000436
0.000883
0.000451
0.000645
0.000440
0.000458
0.000460
0.000640
0.000908
0.000737
0.000473
0.000770
0.000531
0.000441
0.000439
0.000655
0.001251
0.000887
0.000481
0.000439
0.000631
0.000527
0.000538
0.000542
0.001086
0.000484
0.000461
0.000835
0.001360
0.000985
0.000460
0.000856
0.000968
0.000471
0.000878
0.000454
0.000439
0.000435
0.000523
0.000439
0.000456
0.000441
0.000646
0.001253
0.000440
0.001218
0.000753
0.000492
0.000440
0.000444
