0.000570
0.000513
0.000566
0.000472
0.000468
0.000467
0.000535
0.000469
0.000468
0.000470
0.000466
0.000522
0.000468
0.000691
0.000470
0.000520
0.000704
0.000711
0.000568
0.000698
0.000473
0.000659
0.000664
0.000674
0.000657
0.000689
0.000675
0.000768
0.000669
0.000663
0.000697
0.000589
0.000588
0.000595
0.000593
0.000660
0.000653
0.000646
0.000654
0.000474
0.000491
0.000473
0.000487
0.000471
0.000653
0.000469
0.000470
0.000468
0.000467
0.000527
0.000492
0.000497
0.000486
0.000518
0.000478
0.000476
0.000499
0.000485
0.000473
0.000487
0.000475
0.000514
0.000466
0.000489
0.000496
0.000468
0.000507
0.000468
0.000544
0.000472
0.000473
0.000476
0.000912
0.000470
0.000472
0.000469
0.000478
0.000515
0.000488
0.000513
0.000484
0.000607
0.001087
0.000467
0.000464
0.000595
0.000492
0.000473
0.000494
0.000463
0.000463
0.000497
0.000461
0.000495
0.000602
0.000463
0.000484
0.000456
0.000482
0.000462
0.000460
0.000469
0.000480
0.000460
0.000463
0.000459
0.000486
0.000489
0.000466
0.000498
0.000471
0.000458
0.000460
0.000466
0.000483
0.000508
0.000481
0.000455
0.000464
0.000462
0.000495
0.001096
0.000462
0.000463
0.000466
0.000488
0.000462
0.000460
0.000553
0.000505
0.000732
0.001055
0.000469
0.000501
0.001377
0.000481
0.000481
0.000469
0.000468
0.000747
0.000483
0.000469
0.000465
0.000463
0.000465
0.000464
0.000465
0.000485
0.000467
0.000471
0.000465
0.000486
0.000464
0.000934
0.000486
0.000482
0.000878
0.001119
0.000468
0.000465
0.000787
0.001278
0.000484
0.000924
0.000469
0.000485
0.000478
0.000783
0.000466
0.001609
0.000509
0.000815
0.000570
0.000510
0.000502
0.000895
0.001010
0.000490
0.000473
0.000467
0.000465
0.000470
0.001031
0.000483
0.000465
0.000466
0.001041
0.000469
0.000460
0.001172
0.000605
0.000967
0.000483
0.000909
0.000512
0.000467
0.000475
0.000769
0.001134
0.000457
0.000640
0.000469
0.000838
0.000617
0.000491
0.000990
0.000945
0.000483
0.000465
0.000612
0.000993
0.001061
0.000634
0.001306
0.000946
0.000467
0.000472
0.000464
0.000487
0.000470
0.000469
0.000499
0.000493
0.000465
0.000464
0.000650
0.000482
0.000470
0.000466
0.000484
0.000508
0.000469
0.000502
0.000488
0.000581
0.000498
0.000533
0.000469
0.000513
0.000970
0.000773
0.000920
0.000777
0.001101
0.001042
0.000663
0.001339
0.000462
0.000463
0.000479
0.000743
0.000468
0.001080
0.000487
0.000763
0.000483
0.000467
0.000481
0.000460
0.000482
0.000502
0.000481
0.000466
0.000473
0.000494
0.000484
0.000464
0.000479
0.000482
0.000469
0.000479
0.000475
0.000488
0.000744
0.000590
0.001174
0.000469
0.000710
0.000463
0.000509
0.000458
0.000484
0.000463
0.000485
0.000707
0.000471
0.000468
0.000624
0.000724
0.000522
0.000467
0.000466
0.000480
0.000498
0.000470
0.000492
0.000480
0.000471
0.000850
0.000472
0.000483
0.000747
0.000469
0.000697
0.000479
0.000476
0.000511
0.000489
0.000478
0.000468
0.000470
0.000462
0.000464
0.000468
0.000534
0.000474
0.000471
0.000492
0.000477
0.000468
0.000480
0.000480
0.000465
0.000478
0.000470
0.000465
0.001059
0.000468
0.000479
0.000480
0.000462
0.000470
0.000535
0.000465
0.000464
0.000467
0.000466
0.000462
0.000472
0.001083
0.000493
0.000518
0.000463
0.000464
0.000485
0.001205
0.000470
0.000460
0.000484
0.000464
0.000498
0.000486
0.000467
0.000469
0.000475
0.000479
0.000470
0.000464
0.000469
0.000467
0.000466
0.000519
0.000750
0.000516
0.000788
0.000486
0.000848
0.000532
0.000466
0.000700
0.001199
0.000472
0.000469
0.000471
0.001327
0.000460
0.000469
0.000916
0.000472
0.000470
0.000495
0.000481
0.000469
0.000503
0.000456
0.000850
0.000465
0.000476
0.000469
0.000483
0.000469
0.001347
0.000479
0.000550
0.000466
0.000462
0.000465
0.000467
0.001001
0.000481
0.000478
0.000474
0.000463
0.000475
0.000837
0.000466
0.000471
0.000466
0.000466
0.000460
0.000477
0.000469
0.001204
0.000463
0.000488
0.000468
0.000993
0.000467
0.000506
0.000485
0.000812
0.000464
0.000475
0.000577
0.000521
0.000469
0.001090
0.000477
0.000468
0.000568
0.001064
0.001334
0.000480
0.000481
0.000498
0.000467
0.000818
0.000464
0.000465
0.000479
0.000464
0.000580
0.001286
0.000472
0.000475
0.000458
0.000477
0.000470
0.000485
0.000463
0.000498
0.000473
0.000461
0.000717
0.000483
0.000702
0.000490
0.000681
0.001355
0.001081
0.000465
0.000504
0.000477
0.000469
0.001103
0.000459
0.000818
0.000469
0.000464
0.000468
0.000482
0.000468
0.000462
0.000479
0.000839
0.000467
0.000475
0.000931
0.000586
0.000464
0.000468
0.000827
0.000460
0.000466
0.000563
0.000866
0.001040
0.000461
0.000461
0.000466
0.000459
0.000498
0.000985
0.000467
0.000471
0.000465
0.000506
0.000462
0.000464
0.000466
0.000965
0.000499
0.000470
0.000471
0.000465
0.000470
0.000461
0.000481
0.000516
0.000466
0.000538
0.000481
0.000468
0.000738
0.000465
0.000511
0.000817
0.001008
0.000483
0.000464
0.000460
0.000463
0.000462
0.000463
0.000473
0.000696
0.000471
0.000463
0.000465
0.000483
0.000493
0.000471
0.000464
0.000464
0.000481
0.000464
0.000469
0.000473
0.000715
0.000467
0.000461
0.000481
0.000486
0.000485
0.000986
0.000833
0.000497
0.000482
0.001026
0.000478
0.000483
0.000466
0.000682
0.000462
0.000617
0.001041
0.000777
0.000471
0.000482
0.000511
0.000685
0.000477
0.000473
0.000705
0.000459
0.000721
0.000472
0.000468
0.000480
0.000592
0.000839
0.000471
0.001130
0.000479
0.000471
0.000655
0.001057
0.000467
0.001120
0.000484
0.000465
0.000481
0.000488
0.000632
0.000468
0.000465
0.000461
0.000477
0.000684
0.000524
0.001079
0.000469
0.000483
0.001190
0.000513
0.000463
0.000463
0.000469
0.000483
0.000469
0.000988
0.000473
0.001249
0.000464
0.000468
0.000502
0.000464
0.000774
0.000889
0.000482
0.000469
0.000465
0.000470
0.000462
0.000628
0.000483
0.000470
0.000859
0.000474
0.001077
0.000474
0.000477
0.001134
0.000489
0.000461
0.000466
0.000465
0.000479
0.000482
0.001864
0.000470
0.000472
0.000706
0.000472
0.000716
0.000734
0.000485
0.000492
0.000492
0.000463
0.000681
0.000466
0.000467
0.000476
0.000706
0.000815
0.000470
0.000469
0.000467
0.000458
0.000699
0.001034
0.000470
0.000464
0.000467
0.000742
0.000731
0.000911
0.001333
0.000491
0.000681
0.000469
0.000618
0.000470
0.000509
0.000647
0.000465
0.000551
0.000461
0.000461
0.000483
0.000496
0.000772
0.000469
0.000456
0.000467
0.000462
0.000475
0.000465
0.000486
0.000457
0.000463
0.000488
0.000476
0.000491
0.000772
0.000468
0.000480
0.000464
0.000463
0.000463
0.000462
0.000463
0.000832
0.000508
0.000514
0.000478
0.000477
0.000481
0.000462
0.000465
0.000459
0.000461
0.000483
0.000461
0.000519
0.000460
0.000484
0.000475
0.000468
0.000482
0.000586
0.000487
0.000477
0.000478
0.000465
0.000462
0.000476
0.001043
0.000984
0.000508
0.000464
0.000468
0.000455
0.000461
0.001109
0.000489
0.000468
0.000463
0.000464
0.000460
0.000485
0.000461
0.000457
0.000511
0.000469
0.000464
0.000460
0.000480
0.000574
0.000821
0.000475
0.000510
0.000465
0.000471
0.000468
0.000459
0.000458
0.000477
0.000493
0.000464
0.000462
0.000464
0.000458
0.000464
0.000466
0.000465
0.000478
0.000459
0.000464
0.000486
0.000465
0.000463
0.000475
0.000465
0.000527
0.000461
0.000463
0.000503
0.000485
0.000472
0.000461
0.000459
0.000464
0.000461
0.000475
0.000463
0.000604
0.000479
0.000655
0.000519
0.000488
0.000482
0.000464
0.000466
0.000486
0.000464
0.000462
0.000464
0.000464
0.000462
0.000466
0.000479
0.000513
0.000465
0.000473
0.000614
0.000490
0.000486
0.000467
0.000481
0.000465
0.000464
0.000467
0.000457
0.000747
0.000468
0.000464
0.000467
0.000463
0.000570
0.000722
0.000481
0.000461
0.000473
0.000472
0.000505
0.000477
0.000466
0.000473
0.000465
0.000463
0.000465
0.000479
0.000462
0.000475
0.000461
0.000462
0.000480
0.000470
0.000466
0.000466
0.000499
0.000468
0.000461
0.000901
0.001134
0.000597
0.000464
0.000485
0.000470
0.000463
0.000499
0.000465
0.000471
0.000468
0.000477
0.000498
0.000465
0.000458
0.001201
0.000480
0.000463
0.000462
0.000463
0.000719
0.000515
0.000468
0.000449
0.000479
0.000464
0.000462
0.000467
0.000466
0.000468
0.000462
0.000464
0.000502
0.000468
0.000469
0.000468
0.000465
0.000464
0.000464
0.000461
0.000471
0.000494
0.000465
0.000476
0.000464
0.000462
0.000472
0.000485
0.000493
0.000475
0.000475
0.000536
0.000468
0.000493
0.000466
0.000510
0.000480
0.000455
0.000481
0.000472
0.000462
0.001323
0.000693
0.000477
0.000458
0.000466
0.000478
0.000476
0.000465
0.000496
0.000471
0.000706
0.000476
0.000469
0.000462
0.000464
0.000466
0.000455
0.000476
0.000456
0.000483
0.000479
0.001164
0.000496
0.000481
0.000456
0.000463
0.000463
0.000475
0.000464
0.000475
0.000518
0.000477
0.000462
0.000463
0.001045
0.000470
0.000470
0.000465
0.000459
0.000466
0.000464
0.000481
0.000483
0.000463
0.000467
0.000457
0.000477
0.000816
0.001337
0.000470
0.000494
0.000461
0.000505
0.000479
0.000467
0.000455
0.000483
0.000466
0.001095
0.000741
0.000558
0.000465
0.000491
0.000463
0.000481
0.000478
0.000469
0.000464
0.000467
0.000506
0.001011
0.000533
0.000466
0.000473
0.000462
0.000462
0.000480
0.000464
0.000466
0.000497
0.000502
0.000468
0.000478
0.000459
0.000463
0.000462
0.000478
0.000483
0.000487
0.000485
0.000468
0.000477
0.001160
0.000471
0.000483
0.000463
0.000463
0.000467
0.000461
0.000464
0.000466
0.000478
0.001462
0.001373
0.001326
0.000922
0.001016
0.000770
0.001376
0.000463
0.000481
0.000479
0.000593
0.000496
0.000675
0.001091
0.001009
0.000681
0.001374
0.000981
0.000614
0.000466
0.001036
0.000512
0.000533
0.000492
0.000487
0.000735
0.000623
0.001226
0.000512
0.000710
0.000490
0.000988
0.000564
0.000467
0.001122
0.001302
0.000467
0.000465
0.001098
0.000481
0.001164
0.000473
0.000467
0.000726
0.000977
0.000464
0.000468
0.000460
0.000481
0.000464
0.000511
0.000463
0.000796
0.000470
0.000761
0.001177
0.000462
0.000472
0.000464
0.000822
0.000465
0.000924
0.000463
0.000915
0.001128
0.000479
0.001228
0.000628
0.001276
0.000468
0.000511
0.000497
0.000468
0.000461
0.000482
0.000650
0.000556
0.001220
0.000466
0.000471
0.000484
0.001181
0.000546
0.000498
0.000471
0.000785
0.000569
0.000482
0.000476
0.000489
0.000909
0.000469
0.000735
0.000661
0.000483
0.000471
0.000467
0.000861
0.000795
0.001048
0.001008
0.000589
0.000468
0.000464
0.000477
0.000463
0.000795
0.001030
0.000463
0.000489
0.000807
0.000586
0.001343
0.000944
0.000569
0.000644
0.000477
0.000476
0.000465
0.000466
0.000540
0.000593
0.001171
0.000480
0.001163
0.000569
0.000466
0.000468
0.000477
0.000488
0.001032
0.000481
0.000463
0.000464
0.000462
0.000846
0.000460
0.000811
0.000456
0.000704
0.000578
0.001190
0.000492
0.000463
0.000466
0.000465
0.000465
0.000512
0.000466
0.000780
0.001022
0.000467
0.000467
0.000463
0.000472
0.000472
0.000667
0.000490
0.000818
0.000566
0.001005
0.000474
0.000457
0.000833
0.000470
0.000688
0.000470
0.000869
0.001068
0.001025
0.000467
0.000805
0.000475
0.000486
0.000818
0.000507
0.000461
0.000466
0.000563
0.000817
0.000469
0.000989
0.000461
0.000460
0.000500
0.000466
0.000476
0.000801
0.000460
0.000474
0.001005
0.000493
0.000464
0.000459
0.000464
0.000467
0.000462
0.000462
0.000726
0.000486
0.000752
0.000473
0.000718
0.000490
0.000837
0.001038
0.000510
0.000886
0.001301
0.000472
0.000480
0.000464
0.000853
0.000478
0.000495
0.000463
0.000463
0.000471
0.000464
0.000490
0.000780
0.000468
0.000471
0.000692
0.000484
0.000466
0.000468
0.000466
0.000465
0.000502
0.000506
0.000496
0.000477
0.000500
0.000481
0.000486
0.000465
0.000500
0.001389
0.000465
0.001265
0.000542
0.000479
0.000465
0.000857
0.000481
0.000853
0.001058
0.000908
0.000477
0.000993
0.000482
0.000468
0.000476
0.000867
0.000476
0.000478
0.000478
0.000467
0.000909
0.000663
0.000460
0.000660
0.000508
0.000876
0.000467
0.000460
0.000480
0.000463
0.000467
0.000901
0.000465
0.000719
0.001035
0.000467
0.000782
0.000472
0.000481
0.000652
0.000814
0.000467
0.000786
0.000496
0.000465
0.000823
0.000465
0.000888
0.000511
0.000696
0.000474
0.000697
0.000470
0.000893
0.000468
0.000752
0.000471
0.000799
0.001092
0.000471
0.000476
0.000483
0.000457
0.001035
0.000469
0.000932
0.000463
0.001262
0.000539
0.000608
0.000951
0.000468
0.000465
0.000466
0.000502
0.000469
0.000466
0.000490
0.000467
0.000845
0.000484
0.000752
0.000485
0.000465
0.000465
0.000848
0.000469
0.001016
0.000463
0.000770
0.001054
0.000475
0.000468
0.000464
0.000464
0.000481
0.000869
0.000685
0.001048
0.000459
0.000471
0.000480
0.000553
0.000469
0.000492
0.000622
0.001062
0.000468
0.000482
0.000483
0.001077
0.001346
0.000467
0.000500
0.000482
0.000473
0.000840
0.000573
0.000480
0.000481
0.000465
0.000467
0.000778
0.001215
0.000471
0.000469
0.000473
0.000673
0.000520
0.000473
0.001045
0.000487
0.000466
0.000880
0.000465
0.000760
0.000493
0.000492
0.001107
0.000474
0.001025
0.000467
0.000463
0.000933
0.000465
0.000955
0.000645
0.001096
0.000618
0.000470
0.000479
0.001114
0.001042
0.000483
0.000976
0.000470
0.000780
0.000471
0.000483
0.000460
0.000811
0.000485
0.000838
0.000490
0.000482
0.000484
0.000499
0.000770
0.000503
0.000472
0.001005
0.001042
0.000476
0.000465
0.000466
0.000463
0.000767
0.000476
0.000732
0.000463
0.000467
0.000506
0.000791
0.000478
0.000481
0.000809
0.001082
0.000481
0.000464
0.000468
0.000470
0.000468
0.000482
0.000480
0.000629
0.001038
0.000532
0.000483
0.000492
0.000484
0.000463
0.000467
0.000464
0.001009
0.000551
0.001202
0.000489
0.000643
0.000485
0.000457
0.000458
0.000467
0.000874
0.000596
0.000467
0.000539
0.000485
0.000881
0.000479
0.000483
0.000465
0.000490
0.000460
0.000458
0.000489
0.000458
0.000462
0.000483
0.000457
0.000462
0.000491
0.000466
0.000479
0.000805
0.001057
0.000464
0.000462
0.000487
0.000468
0.000460
0.000464
0.000483
0.000463
0.000459
0.000743
0.000464
0.000460
0.000464
0.000469
0.000465
0.000478
0.000467
0.000478
0.000464
0.000478
0.000465
0.000481
0.000475
0.000464
0.000464
0.000463
0.000479
0.000478
0.000484
0.000477
0.000711
0.000457
0.000502
0.000463
0.000463
0.000463
0.000473
0.000462
0.000455
0.000457
0.000466
0.000460
0.000466
0.000513
0.000464
0.000471
0.000462
0.000477
0.000461
0.000504
0.000468
0.000466
0.000467
0.000467
0.000467
0.000459
0.000477
0.000495
0.000466
0.000463
0.000462
0.000481
0.000463
0.000464
0.000465
0.000465
0.000467
0.000462
0.000462
0.000461
0.000472
0.000462
0.000462
0.000475
0.000464
0.000466
0.001372
0.000463
0.000465
0.001123
0.000509
0.000498
0.000470
0.000466
0.000477
0.000458
0.000459
0.000464
0.000480
0.000462
0.000463
0.000465
0.000464
0.000480
0.000462
0.000476
0.000956
0.001098
0.000480
0.000458
0.000466
0.000465
0.000463
0.000466
0.000471
0.000490
0.000461
0.000461
0.000465
0.000468
0.000467
0.000473
0.000462
0.000462
0.000481
0.000461
0.000466
0.000463
0.000474
0.000462
0.000467
0.000461
0.000473
0.000462
0.000474
0.000466
0.000462
0.000464
0.000479
0.000463
0.000499
0.000498
0.000783
0.000464
0.000460
0.000547
0.000467
0.001267
0.000603
0.000462
0.000479
0.000450
0.000483
0.000481
0.000459
0.000462
0.000884
0.001068
0.000459
0.000479
0.000473
0.000466
0.000479
0.000477
0.000468
0.000460
0.000455
0.000463
0.000466
0.000491
0.000481
0.000488
0.000460
0.000459
0.000462
0.000467
0.000474
0.000463
0.000484
0.000497
0.000483
0.000462
0.000461
0.000463
0.000467
0.000467
0.000462
0.000463
0.000463
0.000462
0.000479
0.000479
0.000461
0.000462
0.000462
0.000495
0.000464
0.000476
0.000468
0.000478
0.000475
0.000457
0.000476
0.000468
0.000470
0.000466
0.000479
0.000484
0.000480
0.000460
0.000462
0.000461
0.000472
0.000462
0.000465
0.000465
0.000464
0.000458
0.000467
0.000461
0.000459
0.000496
0.000480
0.000461
0.000480
0.000466
0.000495
0.001290
0.000934
0.000463
0.000491
0.000458
0.000472
0.000479
0.000463
0.000462
0.000464
0.000529
0.001021
0.000483
0.000479
0.000485
0.000498
0.000486
0.000465
0.000499
0.000885
0.000485
0.000609
0.000465
0.000482
0.000480
0.000643
0.000479
0.000469
0.000466
0.000488
0.000467
0.000462
0.000459
0.000464
0.000480
0.001048
0.000482
0.000467
0.000465
0.000478
0.000463
0.000464
0.000460
0.000471
0.000553
0.000467
0.000482
0.000458
0.000476
0.000471
0.000462
0.000480
0.000459
0.000483
0.000956
0.000460
0.000479
0.000471
0.000459
0.000458
0.000462
0.000481
0.000482
0.000484
0.000459
0.000616
0.000460
0.000462
0.000501
0.000462
0.000467
0.000462
0.000975
0.000464
0.000591
0.000475
0.000479
0.000463
0.000500
0.000479
0.000471
0.000771
0.000467
0.000467
0.000458
0.000479
0.000954
0.000461
0.000462
0.000516
0.000464
0.000496
0.000490
0.000473
0.000459
0.000465
0.000565
0.000464
0.000479
0.000473
0.000463
0.000462
0.000505
0.000465
0.000465
0.000494
0.000986
0.000477
0.000467
0.000489
0.000476
0.000456
0.000483
0.000462
0.000463
0.000469
0.000464
0.000527
0.000472
0.000471
0.000457
0.000463
0.000463
0.000463
0.000468
0.000463
0.000723
0.000463
0.000490
0.000480
0.000470
0.000470
0.000463
0.000468
0.000475
0.000478
0.000466
0.000788
0.000460
0.000474
0.000482
0.000748
0.000463
0.000517
0.000471
0.000465
0.000462
0.000468
0.000473
0.000461
0.000469
0.000476
0.000461
0.000466
0.000458
0.000462
0.000538
0.000463
0.001020
0.000462
0.000462
0.000463
0.000463
0.000483
0.000483
0.000469
0.000472
0.000474
0.000702
0.000475
0.000461
0.000466
0.000470
0.000468
0.000463
0.000455
0.000501
0.000458
0.000463
0.000479
0.000463
0.000465
0.000463
0.000480
0.000486
0.000477
0.000476
0.000490
0.000461
0.000458
0.000536
0.000462
0.000483
0.000468
0.000461
0.000463
0.001043
0.001178
0.000462
0.000485
0.000462
0.000467
0.000462
0.000464
0.000462
0.000460
0.000458
0.000484
0.000479
0.000463
0.000485
0.000482
0.000461
0.000481
0.000463
0.000466
0.000490
0.000465
0.000464
0.000467
0.000463
0.000483
0.000480
0.000465
0.000474
0.000463
0.000460
0.000486
0.000475
0.000459
0.000460
0.000460
0.000467
0.000499
0.000512
0.000464
0.000483
0.000463
0.000465
0.000462
0.000465
0.000461
0.000477
0.000462
0.000462
0.000502
0.000461
0.000480
0.000464
0.000460
0.000568
0.000468
0.000459
0.000510
0.000456
0.000476
0.000482
0.000484
0.000485
0.000477
0.000461
0.001400
0.000461
0.000485
0.000464
0.000481
0.000476
0.001124
0.000616
0.000461
0.000459
0.001055
0.000466
0.000465
0.000479
0.000483
0.000463
0.000464
0.000459
0.000461
0.000469
0.000463
0.000478
0.000463
0.000476
0.000487
0.000463
0.000461
0.000531
0.000765
0.000486
0.000477
0.000486
0.000461
0.000461
0.000775
0.000477
0.000469
0.000459
0.000463
0.000466
0.000462
0.000463
0.000478
0.000466
0.000480
0.000481
0.001128
0.000460
0.001288
0.000478
