0.001520
0.002534
0.000938
0.000959
0.000960
0.000933
0.000955
0.000964
0.001463
0.001265
0.000948
0.000935
0.000942
0.000964
0.000932
0.000933
0.000930
0.000934
0.000981
0.000948
0.001156
0.000943
0.001452
0.000975
0.001644
0.000951
0.000966
0.000940
0.000985
0.001036
0.001604
0.001040
0.000953
0.000935
0.000930
0.000952
0.000939
0.000957
0.001295
0.001238
0.000958
0.000985
0.000955
0.000954
0.000936
0.000974
0.000933
0.000962
0.000937
0.000995
0.001685
0.000954
0.000959
0.000935
0.001063
0.000936
0.001049
0.001283
0.000966
0.000948
0.000961
0.000937
0.000959
0.000955
0.000987
0.000937
0.000956
0.000932
0.000955
0.000932
0.000927
0.000950
0.001674
0.000950
0.000950
0.000936
0.000940
0.000951
0.001087
0.000931
0.000929
0.000968
0.001626
0.001133
0.000967
0.000955
0.001523
0.000958
0.000927
0.000931
0.000930
0.000939
0.000933
0.002763
0.000943
0.000936
0.000932
0.000939
0.000959
0.000943
0.000944
0.000959
0.000934
0.000928
0.000913
0.000926
0.001133
0.000947
0.001006
0.001828
0.000965
0.000924
0.000972
0.000936
0.000951
0.000946
0.001428
0.001313
0.000934
0.000954
0.000925
0.000931
0.000983
0.000970
0.001531
0.001505
0.000955
0.000945
0.000969
0.000959
0.000961
0.000928
0.000947
0.000929
0.000955
0.001042
0.000912
0.000941
0.000971
0.000951
0.001205
0.000936
0.000952
0.000937
0.000949
0.000987
0.000964
0.002116
0.001264
0.000934
0.000935
0.000941
0.001648
0.001189
0.000936
0.000926
0.000955
0.000951
0.000925
0.000946
0.001382
0.000981
0.001587
0.000952
0.000971
0.000935
0.001432
0.001164
0.000932
0.000952
0.000936
0.000959
0.002014
0.000973
0.000937
0.000955
0.000935
0.000971
0.000943
0.001007
0.001408
0.000930
0.000951
0.000962
0.001627
0.000974
0.000930
0.001100
0.001016
0.000955
0.000954
0.000950
0.000931
0.000968
0.000937
0.000961
0.000933
0.000985
0.000946
0.000968
0.000983
0.000949
0.001531
0.000928
0.000966
0.001506
0.000943
0.000952
0.000962
0.001429
0.000967
0.001684
0.000950
0.001542
0.000963
0.000954
0.000939
0.000947
0.000963
0.000930
0.000976
0.000958
0.000973
0.000933
0.000956
0.000953
0.000950
0.000935
0.000969
0.001728
0.000941
0.000972
0.000949
0.000937
0.000946
0.000953
0.000959
0.000958
0.000936
0.000941
0.001548
0.000932
0.000977
0.000920
0.000983
0.000922
0.000959
0.000930
0.001002
0.000967
0.000941
0.000942
0.000933
0.000968
0.000954
0.000974
0.000967
0.001311
0.000969
0.000984
0.000947
0.000935
0.000976
0.000955
0.000951
0.000989
0.001221
0.000959
0.000950
0.000936
0.001018
0.000969
0.000965
0.000973
0.000953
0.000993
0.000941
0.000963
0.000926
0.000926
0.000926
0.000954
0.000933
0.000963
0.000949
0.000942
0.000948
0.001646
0.000947
0.000962
0.001431
0.001135
0.000938
0.000983
0.000970
0.001240
0.000952
0.000937
0.001755
0.000993
0.000931
0.000976
0.000932
0.000969
0.001764
0.000952
0.000961
0.001461
0.001313
0.000999
0.001423
0.001227
0.000936
0.000937
0.000935
0.001613
0.000937
0.000962
0.001494
0.000932
0.000982
0.000979
0.000940
0.001573
0.001630
0.001257
0.000962
0.001458
0.001013
0.000947
0.000973
0.001613
0.001167
0.000971
0.000956
0.000941
0.002017
0.000929
0.000953
0.001759
0.000972
0.000929
0.000933
0.000934
0.000940
0.001607
0.000929
0.000971
0.001058
0.001498
0.000928
0.000939
0.002147
0.000934
0.002520
0.001201
0.000962
0.000957
0.001536
0.001229
0.000981
0.000937
0.001772
0.000971
0.000946
0.000941
0.000961
0.000936
0.001772
0.001117
0.000975
0.000969
0.000943
0.001624
0.000934
0.000934
0.000966
0.000942
0.001017
0.001077
0.001047
0.000934
0.000959
0.001000
0.001603
0.000971
0.001642
0.000937
0.000953
0.001616
0.000957
0.001050
0.000958
0.000987
0.001621
0.000926
0.001008
0.000945
0.001481
0.000966
0.001626
0.000968
0.001630
0.000944
0.001899
0.000953
0.000929
0.000959
0.000941
0.001223
0.000939
0.001426
0.001003
0.000927
0.000938
0.000980
0.000994
0.000934
0.001215
0.000995
0.000947
0.000930
0.000987
0.000927
0.000924
0.000957
0.000941
0.002216
0.000939
0.000939
0.001630
0.000970
0.000978
0.000947
0.000952
0.000934
0.000956
0.001437
0.000950
0.000942
0.001006
0.001386
0.001138
0.000946
0.000992
0.001442
0.001007
0.001051
0.000960
0.000955
0.000934
0.000954
0.000971
0.001630
0.000930
0.000935
0.000948
0.000955
0.000967
0.000963
0.000961
0.002397
0.001612
0.000989
0.000940
0.000950
0.001475
0.000961
0.001519
0.000965
0.001067
0.000986
0.000941
0.001525
0.001470
0.000954
0.001739
0.000963
0.000948
0.000994
0.000976
0.000936
0.001075
0.000948
0.001634
0.000997
0.001108
0.000939
0.001870
0.000926
0.000960
0.000938
0.000955
0.001539
0.000931
0.000945
0.000953
0.001500
0.000957
0.000995
0.000950
0.000944
0.000947
0.001001
0.000934
0.001017
0.000939
0.000950
0.000935
0.000930
0.000944
0.000957
0.000928
0.000956
0.002497
0.000989
0.000928
0.000942
0.001517
0.000945
0.001010
0.000941
0.000924
0.000930
0.000968
0.001009
0.001005
0.001415
0.000959
0.000949
0.000933
0.000938
0.000928
0.000929
0.000963
0.001819
0.000962
0.000953
0.000926
0.001000
0.000952
0.000954
0.001054
0.000942
0.000941
0.001538
0.000958
0.000947
0.000958
0.000933
0.000931
0.001010
0.001046
0.000967
0.000985
0.001556
0.000974
0.000936
0.000977
0.000926
0.000958
0.001497
0.000930
0.000961
0.000923
0.000995
0.000933
0.000987
0.000959
0.000954
0.000936
0.000931
0.001151
0.000932
0.001562
0.000941
0.000943
0.000950
0.002503
0.000939
0.000936
0.001022
0.000951
0.000929
0.000968
0.000947
0.000946
0.000924
0.000954
0.000935
0.000923
0.000964
0.000941
0.000930
0.000956
0.000951
0.000931
0.000935
0.000955
0.000939
0.000933
0.000962
0.000931
0.000966
0.000948
0.000941
0.000955
0.000935
0.000927
0.000954
0.000928
0.000987
0.000927
0.000932
0.000936
0.000950
0.000934
0.000953
0.000934
0.000990
0.000947
0.000935
0.000930
0.000986
0.000928
0.000940
0.000936
0.000933
0.000987
0.000936
0.000927
0.000930
0.000942
0.000991
0.000923
0.000956
0.001659
0.000936
0.000972
0.000962
0.000961
0.000936
0.000954
0.001606
0.001001
0.001300
0.000936
0.000973
0.000929
0.000992
0.000945
0.000952
0.000931
0.000959
0.000994
0.000966
0.001414
0.001239
0.000937
0.000935
0.001691
0.001290
0.000938
0.001149
0.001192
0.001297
0.000958
0.000932
0.000948
0.001394
0.000938
0.000943
0.000937
0.000990
0.000936
0.000931
0.000941
0.000954
0.001450
0.000996
0.000949
0.001331
0.000960
0.000959
0.001061
0.000941
0.001507
0.001321
0.000941
0.001489
0.000939
0.000940
0.001186
0.001021
0.000921
0.000953
0.000931
0.000935
0.001546
0.000931
0.000962
0.001166
0.000985
0.001662
0.000958
0.001692
0.000968
0.000957
0.001289
0.000945
0.000960
0.001041
0.001796
0.000949
0.000964
0.000954
0.002394
0.001078
0.000935
0.000955
0.000944
0.000943
0.000955
0.000982
0.000945
0.001005
0.000942
0.000969
0.001449
0.000959
0.000960
0.000941
0.001806
0.001284
0.000935
0.000963
0.000957
0.000927
0.000942
0.000973
0.001792
0.000976
0.000955
0.000959
0.000953
0.000962
0.000984
0.000929
0.000969
0.001687
0.000979
0.000959
0.001693
0.001404
0.001498
0.000927
0.001898
0.000937
0.002134
0.001064
0.000929
0.001473
0.000942
0.000972
0.000946
0.000967
0.000938
0.000942
0.000969
0.000961
0.000946
0.000922
0.000950
0.000973
0.001671
0.000988
0.000937
0.000938
0.000930
0.000962
0.000956
0.000973
0.001049
0.002736
0.000938
0.000949
0.000964
0.000950
0.001058
0.000978
0.001299
0.000992
0.000932
0.000926
0.000945
0.001382
0.000981
0.000962
0.001664
0.000964
0.000929
0.001009
0.000967
0.001732
0.000955
0.001093
0.000937
0.001760
0.000942
0.000965
0.002241
0.000929
0.000953
0.000956
0.000944
0.001222
0.000933
0.000949
0.000961
0.000932
0.001007
0.000977
0.001615
0.001363
0.000965
0.000934
0.000934
0.000920
0.000936
0.000965
0.000926
0.000959
0.001456
0.000934
0.000946
0.001669
0.000974
0.000983
0.001728
0.001119
0.001470
0.000933
0.001012
0.000941
0.000978
0.000986
0.000955
0.001705
0.000985
0.001737
0.000928
0.000953
0.000951
0.000955
0.000963
0.000995
0.001486
0.000945
0.000946
0.000931
0.000959
0.000928
0.000952
0.000924
0.001479
0.000943
0.000938
0.000974
0.000935
0.001002
0.000959
0.000964
0.001658
0.000947
0.000957
0.000961
0.000947
0.001012
0.000957
0.001750
0.000968
0.001429
0.000933
0.000941
0.000989
0.000946
0.000951
0.000986
0.000942
0.000994
0.001146
0.000941
0.000926
0.000934
0.002637
0.000965
0.001433
0.000939
0.000948
0.000923
0.000981
0.000928
0.000959
0.000934
0.001017
0.001336
0.000935
0.000966
0.000919
0.000955
0.000937
0.001453
0.000979
0.001497
0.000948
0.000952
0.000940
0.000982
0.000967
0.000951
0.000934
0.000965
0.001526
0.000944
0.001535
0.000969
0.000934
0.001399
0.000943
0.000938
0.001472
0.000971
0.001478
0.000930
0.001233
0.000945
0.000984
0.001629
0.000957
0.000960
0.001235
0.000937
0.002037
0.000939
0.000958
0.001130
0.000945
0.001603
0.000979
0.001186
0.000934
0.000959
0.001153
0.000950
0.001479
0.000981
0.001185
0.000958
0.001006
0.000944
0.001714
0.001522
0.000959
0.001388
0.000937
0.000938
0.000942
0.000950
0.001164
0.000943
0.001954
0.001016
0.001160
0.001801
0.001847
0.000969
0.001014
0.000959
0.000940
0.001755
0.000941
0.000940
0.001761
0.001221
0.001668
0.000970
0.001352
0.000948
0.002315
0.001390
0.000961
0.000957
0.001269
0.000962
0.000928
0.002486
0.000972
0.001671
0.001279
0.000954
0.001621
0.000944
0.001240
0.000937
0.001510
0.002823
0.000938
0.000987
0.001375
0.000979
0.001478
0.000961
0.000951
0.001655
0.000966
0.000953
0.001326
0.001294
0.000992
0.000960
0.001642
0.000930
0.000954
0.000943
0.001480
0.000988
0.001147
0.000946
0.000971
0.000964
0.000954
0.000956
0.001698
0.000956
0.001557
0.000930
0.001243
0.000940
0.000936
0.001191
0.000960
0.000918
0.001558
0.000927
0.001613
0.000954
0.001220
0.000929
0.001991
0.000938
0.000974
0.001883
0.000940
0.000928
0.000966
0.001671
0.001052
0.000964
0.001136
0.000970
0.000935
0.000970
0.000935
0.000970
0.000945
0.001057
0.000942
0.000956
0.001636
0.000986
0.001028
0.001075
0.000933
0.001508
0.000993
0.003096
0.000942
0.000933
0.000973
0.001646
0.000954
0.001174
0.000935
0.001184
0.001024
0.001828
0.000965
0.000974
0.001110
0.001564
0.001464
0.000933
0.000939
0.001791
0.001372
0.000955
0.001417
0.001216
0.000935
0.000996
0.001305
0.000961
0.002082
0.000972
0.001799
0.001005
0.000993
0.000952
0.000990
0.001311
0.000946
0.000931
0.001425
0.000966
0.001063
0.000946
0.000931
0.000946
0.001089
0.000942
0.000955
0.000934
0.000936
0.000923
0.000952
0.000961
0.000955
0.001304
0.001007
0.000937
0.000932
0.001167
0.000921
0.001429
0.001055
0.000934
0.001449
0.000955
0.000934
0.000935
0.000945
0.000954
0.001058
0.001166
0.001405
0.001395
0.000966
0.001368
0.001344
0.001308
0.001257
0.001382
0.001379
0.000982
0.000959
0.000960
0.000949
0.000951
0.001407
0.000960
0.000960
0.000930
0.000936
0.000937
0.000938
0.000923
0.000990
0.001451
0.001508
0.000941
0.001746
0.000967
0.000928
0.000962
0.001368
0.001521
0.001454
0.001129
0.000931
0.000929
0.001166
0.002381
0.000979
0.001398
0.002950
0.000934
0.001672
0.000926
0.000936
0.001648
0.000964
0.000988
0.001446
0.001532
0.000931
0.000920
0.000948
0.000953
0.001672
0.000959
0.000929
0.000949
0.000964
0.000979
0.000927
0.000967
0.000943
0.001276
0.000982
0.000961
0.000973
0.000952
0.000985
0.001551
0.000942
0.001402
0.000931
0.000932
0.000972
0.001112
0.000995
0.000990
0.000953
0.000953
0.001245
0.001093
0.001312
0.001051
0.001047
0.001000
0.000980
0.001529
0.001345
0.000942
0.001456
0.000952
0.000951
0.000936
0.001038
0.001288
0.001037
0.000935
0.000947
0.000946
0.000945
0.000948
0.000978
0.000937
0.001686
0.000964
0.000932
0.001776
0.000929
0.000940
0.002088
0.001304
0.000923
0.000962
0.000931
0.001794
0.000948
0.000948
0.000952
0.000937
0.001317
0.000967
0.000930
0.000992
0.000956
0.000954
0.001556
0.002097
0.001344
0.000943
0.001756
0.000957
0.000941
0.000962
0.000932
0.001067
0.001193
0.001398
0.001034
0.000930
0.000984
0.000938
0.000963
0.000942
0.001635
0.000948
0.000948
0.001052
0.000930
0.000947
0.000992
0.001501
0.001008
0.001263
0.000948
0.000991
0.001524
0.000948
0.000995
0.000943
0.001141
0.001148
0.000926
0.001827
0.000946
0.000934
0.000986
0.000958
0.000947
0.000944
0.001670
0.000947
0.000953
0.000936
0.001224
0.000965
0.000935
0.000933
0.001395
0.001456
0.000926
0.001075
0.000948
0.000953
0.001651
0.000992
0.000954
0.000939
0.000964
0.000957
0.000958
0.000951
0.001741
0.001095
0.000970
0.001158
0.000952
0.000957
0.000945
0.000974
0.000942
0.000950
0.001006
0.000940
0.000995
0.001277
0.000941
0.000954
0.000925
0.000950
0.000955
0.000966
0.001005
0.001007
0.000950
0.000969
0.000930
0.000952
0.000932
0.001002
0.001613
0.002624
0.000979
0.000941
0.001323
0.000967
0.000954
0.001012
0.001452
0.000992
0.000956
0.001085
0.000991
0.001571
0.000938
0.000962
0.000952
0.001347
0.000936
0.000983
0.001255
0.000941
0.000973
0.000937
0.001187
0.000969
0.002424
0.000951
0.001049
0.001329
0.001334
0.000934
0.001373
0.001518
0.000965
0.000931
0.000973
0.001701
0.000935
0.001004
0.001090
0.000935
0.000951
0.000942
0.001220
0.000957
0.001494
0.000963
0.001579
0.000955
0.001777
0.001043
0.000934
0.001855
0.001196
0.000945
0.000938
0.001077
0.000954
0.001596
0.000929
0.001165
0.000942
0.000954
0.001550
0.001377
0.000956
0.000950
0.000930
0.000953
0.000920
0.001603
0.001791
0.001520
0.002674
0.000926
0.001295
0.001540
0.001325
0.001156
0.001070
0.001115
0.000937
0.001653
0.000959
0.000935
0.000996
0.000935
0.001204
0.000966
0.000940
0.001856
0.000921
0.001933
0.001471
0.001054
0.000941
0.000958
0.000940
0.001932
0.001543
0.000967
0.000931
0.000998
0.000939
0.000939
0.000944
0.001611
0.001312
0.001478
0.001313
0.000993
0.000970
0.000954
0.000955
0.001151
0.000944
0.001545
0.000937
0.000985
0.000925
0.000952
0.001003
0.001358
0.001189
0.001109
0.000946
0.000947
0.000968
0.000988
0.000972
0.000924
0.000931
0.001422
0.000941
0.000965
0.000949
0.001880
0.001627
0.000939
0.000986
0.001637
0.000943
0.001427
0.001328
0.000959
0.000935
0.001386
0.000966
0.000938
0.000961
0.000948
0.000937
0.001739
0.000933
0.001345
0.001516
0.000961
0.000942
0.001685
0.000945
0.000946
0.001456
0.000930
0.001484
0.000983
0.001293
0.000973
0.001953
0.001039
0.000949
0.001279
0.000970
0.001103
0.000957
0.000968
0.000931
0.001491
0.000932
0.001133
0.000966
0.001164
0.000961
0.000945
0.000935
0.001676
0.000996
0.001229
0.000937
0.001375
0.000938
0.001466
0.000972
0.001147
0.000948
0.000946
0.001435
0.000937
0.000952
0.001185
0.000968
0.000995
0.000976
0.001063
0.000998
0.001198
0.000972
0.001605
0.000964
0.000978
0.001128
0.000940
0.000974
0.001497
0.000970
0.001190
0.000946
0.000974
0.001609
0.000971
0.000983
0.000948
0.000951
0.001259
0.000945
0.000953
0.000970
0.001549
0.001028
0.000953
0.000960
0.001979
0.000938
0.000962
0.001217
0.000938
0.001468
0.000938
0.000976
0.000933
0.000986
0.000928
0.000959
0.000956
0.001283
0.000969
0.001509
0.000952
0.000978
0.000938
0.001234
0.001176
0.000939
0.000944
0.001156
0.000963
0.001075
0.000966
0.001281
0.000943
0.000935
0.000932
0.000945
0.000951
0.000989
0.000930
0.000957
0.000939
0.000932
0.000934
0.000933
0.000954
0.000969
0.000937
0.000940
0.000971
0.000970
0.000951
0.000936
0.000976
0.001716
0.001089
0.001368
0.000942
0.000960
0.000961
0.001638
0.000944
0.000952
0.001525
0.001712
0.000984
0.001393
0.000936
0.001902
0.001430
0.001286
0.000937
0.002000
0.001066
0.001187
0.000937
0.000932
0.001645
0.000961
0.001226
0.000953
0.002138
0.000959
0.000971
0.001162
0.000972
0.001719
0.001304
0.000951
0.000935
0.001054
0.000966
0.000985
0.001589
0.000964
0.000951
0.001086
0.001088
0.000947
0.000956
0.000927
0.001018
0.001504
0.001440
0.001036
0.000930
0.001469
0.000947
0.001088
0.001110
0.000963
0.001963
0.000959
0.001960
0.000968
0.000909
0.001519
0.001183
0.001493
0.000955
0.000949
0.000935
0.001181
0.000978
0.000956
0.000965
0.001723
0.000953
0.001196
0.000937
0.001479
0.000968
0.000996
0.001958
0.001031
0.001099
0.001583
0.000938
0.002030
0.000981
0.001616
0.001071
0.001283
0.000945
0.000962
0.001497
0.001005
0.001003
0.000999
0.001321
0.000938
0.001897
0.000954
0.000935
0.000933
0.000931
0.000952
0.001032
0.002406
0.000923
0.001794
0.001001
0.001195
0.000931
0.000981
0.001458
0.000940
0.001209
0.001308
0.001284
0.000946
0.000952
0.000935
0.001328
0.001328
0.000934
0.001896
0.001803
0.000997
0.000983
0.001873
0.000940
0.000936
0.001769
0.001734
0.000946
0.001166
0.001205
0.000936
0.000981
0.001489
0.000951
0.000923
0.000948
0.000942
0.001627
0.002642
0.000937
0.001120
0.001782
0.001357
0.000967
0.002621
0.002015
0.000940
0.001599
0.000952
0.001507
0.000925
0.001274
0.000934
0.001496
0.002163
0.001100
0.000958
0.001515
0.001031
0.000931
0.001193
0.000977
0.000984
0.001536
0.000929
0.000966
0.000923
0.000955
0.000929
0.000988
0.000932
0.000951
0.000933
0.001290
0.000960
0.000976
0.001335
0.000951
0.000992
0.001839
0.000928
0.001513
0.000928
0.001856
0.000975
0.001107
0.001167
0.001896
0.000986
0.000935
0.001002
0.000953
0.000935
0.000932
0.001681
0.000957
0.000962
0.001054
0.000998
0.001755
0.000951
0.000988
0.000937
0.001151
0.000960
0.000971
0.001573
0.000952
0.000923
0.001701
0.000952
0.001065
0.000986
0.001029
0.001573
0.000977
0.001194
0.000950
0.000951
0.000945
0.001821
0.000934
0.001444
0.000980
0.001065
0.001080
0.000955
0.001871
0.000938
0.001121
0.000940
0.001601
0.000996
0.001253
0.000964
0.002363
0.000948
0.001314
0.000952
0.001999
0.000953
0.002040
0.000940
0.001791
0.001114
0.000954
0.001493
0.000955
0.000942
0.000959
0.001445
0.000999
0.000957
0.001259
0.000942
0.000933
0.002787
0.002505
0.000927
0.000955
0.001079
0.000943
0.000993
0.001596
0.000947
0.000937
0.000939
0.000941
0.000956
0.001029
0.001372
0.000945
0.000955
0.000950
0.000969
0.000935
0.001042
0.000957
0.001058
0.001060
0.000934
0.000934
0.000952
0.000960
0.001028
0.000942
0.000955
0.000980
0.000951
0.000961
0.000972
0.000956
0.000942
0.000935
0.000973
0.000951
0.000976
0.001540
0.000936
0.000950
0.000991
0.000947
0.000927
0.000962
0.000927
0.001010
0.000942
0.000982
0.000931
0.001019
0.001215
0.000939
0.000937
0.000939
0.000956
0.000955
0.000924
0.001493
0.000945
0.001032
0.000960
0.000983
0.000956
0.001638
0.000943
0.000959
0.000963
0.000938
0.000933
0.000938
0.000961
0.000937
0.000994
0.000946
0.000975
0.000940
0.000972
0.000933
0.000941
0.000953
0.000958
0.000968
0.001237
0.000937
0.000948
0.000928
0.000935
0.000915
0.000935
0.000965
0.000942
0.000990
