0.000959
0.001173
0.000527
0.000986
0.001534
0.000520
0.000862
0.001549
0.000516
0.000552
0.000608
0.000643
0.001247
0.000538
0.001062
0.000513
0.000560
0.000525
0.000649
0.000524
0.000556
0.000569
0.000516
0.000536
0.000528
0.000521
0.000512
0.000892
0.000529
0.000576
0.000700
0.000516
0.000875
0.001316
0.000558
0.000843
0.000521
0.000515
0.000547
0.000800
0.000595
0.000902
0.000538
0.000540
0.000841
0.000559
0.000519
0.000548
0.000534
0.000535
0.001205
0.000551
0.000538
0.000829
0.001039
0.000522
0.000518
0.000572
0.000881
0.000652
0.001141
0.000517
0.000584
0.000543
0.000536
0.000511
0.001384
0.001032
0.000518
0.000541
0.000510
0.000613
0.000947
0.000524
0.000525
0.000551
0.000512
0.000528
0.000529
0.000515
0.000526
0.000536
0.000522
0.000519
0.000514
0.000517
0.000531
0.000535
0.000516
0.000512
0.000514
0.000521
0.000889
0.001054
0.000523
0.000515
0.000516
0.000710
0.000530
0.000839
0.000544
0.000518
0.000537
0.000515
0.000511
0.000583
0.000516
0.000561
0.000564
0.000756
0.000529
0.000522
0.000521
0.000514
0.000517
0.000516
0.000773
0.000891
0.000517
0.000548
0.000520
0.000539
0.000566
0.000536
0.000518
0.000514
0.000517
0.000524
0.000564
0.000515
0.000533
0.000516
0.000517
0.000525
0.000852
0.000515
0.000516
0.000518
0.000519
0.000515
0.000534
0.000515
0.000508
0.000549
0.001154
0.000983
0.000560
0.000513
0.000515
0.000515
0.000514
0.000539
0.000915
0.001197
0.000532
0.000519
0.000528
0.000516
0.000516
0.000517
0.000514
0.000810
0.000533
0.000546
0.000540
0.000516
0.000541
0.000527
0.000511
0.000530
0.000543
0.001154
0.000515
0.000546
0.000512
0.000508
0.000518
0.000512
0.000515
0.000533
0.000560
0.000515
0.000517
0.000539
0.000514
0.000519
0.000509
0.000522
0.000586
0.000551
0.000511
0.000513
0.000512
0.000517
0.000538
0.000519
0.000516
0.000514
0.000519
0.000526
0.000538
0.000516
0.000515
0.000534
0.000514
0.000515
0.000512
0.000518
0.000520
0.000516
0.000546
0.000537
0.000532
0.000510
0.001114
0.000631
0.000518
0.000535
0.000533
0.000540
0.000525
0.000522
0.000511
0.000517
0.000535
0.001177
0.000512
0.000515
0.000701
0.000517
0.000520
0.000536
0.000534
0.000517
0.000514
0.000517
0.001197
0.000542
0.001201
0.000521
0.000533
0.000600
0.001296
0.000513
0.000517
0.000523
0.000538
0.000537
0.000508
0.000515
0.001061
0.000531
0.000514
0.000522
0.000520
0.000535
0.000516
0.000613
0.000522
0.000570
0.000517
0.000514
0.000533
0.000529
0.000516
0.000537
0.000726
0.000629
0.000517
0.000646
0.000539
0.000551
0.001126
0.000541
0.000512
0.000521
0.000586
0.000972
0.000515
0.000517
0.000622
0.000519
0.000513
0.000512
0.000520
0.000522
0.000533
0.000541
0.000512
0.000526
0.000514
0.000518
0.000514
0.000518
0.000531
0.001136
0.000547
0.000525
0.000511
0.000510
0.000521
0.000527
0.000515
0.000516
0.000517
0.000534
0.001173
0.000526
0.000516
0.000533
0.000536
0.000532
0.000519
0.000533
0.000535
0.000541
0.000539
0.000543
0.000522
0.000542
0.000521
0.000517
0.000516
0.000532
0.000535
0.000518
0.000520
0.000513
0.000916
0.000533
0.000561
0.000891
0.000548
0.000521
0.000579
0.000513
0.000517
0.000515
0.000518
0.000509
0.000560
0.000519
0.000530
0.000535
0.000517
0.000596
0.000510
0.000532
0.000516
0.000538
0.000515
0.000538
0.000510
0.000535
0.000516
0.000570
0.000514
0.000514
0.000510
0.000514
0.000515
0.000531
0.000519
0.000514
0.000517
0.000519
0.000541
0.000513
0.000527
0.000545
0.000532
0.000518
0.000519
0.000530
0.000517
0.000522
0.000534
0.000538
0.000525
0.000514
0.000543
0.000547
0.000565
0.000533
0.000514
0.000511
0.000517
0.000515
0.000515
0.000581
0.000514
0.000520
0.000518
0.000516
0.000547
0.000536
0.000521
0.000548
0.000514
0.000535
0.000519
0.000536
0.000540
0.000527
0.000517
0.000512
0.000704
0.000541
0.000928
0.001134
0.000517
0.000515
0.000514
0.000553
0.000517
0.000511
0.000517
0.000759
0.000577
0.000519
0.000568
0.000511
0.000513
0.000515
0.000554
0.000514
0.000517
0.000535
0.000534
0.000541
0.000554
0.000526
0.000531
0.000517
0.000517
0.000515
0.000526
0.001107
0.000509
0.000569
0.000514
0.000532
0.000736
0.000519
0.000514
0.000542
0.000510
0.000537
0.000515
0.000516
0.000518
0.000515
0.000534
0.000519
0.000517
0.001338
0.000520
0.000533
0.000634
0.000885
0.001418
0.000517
0.000535
0.000536
0.000551
0.000525
0.000544
0.001065
0.000532
0.000520
0.000512
0.000535
0.000566
0.000550
0.000745
0.000523
0.000543
0.000530
0.000516
0.000518
0.000556
0.000518
0.000514
0.000523
0.000528
0.000514
0.000515
0.000546
0.000534
0.000542
0.001340
0.000513
0.000537
0.000517
0.000515
0.000514
0.000542
0.000509
0.000514
0.000533
0.000513
0.000520
0.000521
0.000513
0.000517
0.000515
0.000522
0.000525
0.000535
0.000513
0.000530
0.000531
0.000515
0.000515
0.000668
0.000886
0.000517
0.000525
0.000533
0.000509
0.000523
0.000515
0.000542
0.001020
0.000542
0.000522
0.001404
0.000542
0.000535
0.000514
0.000514
0.000522
0.000516
0.000513
0.000514
0.000518
0.000535
0.001188
0.000923
0.000510
0.001084
0.000511
0.000512
0.000508
0.000532
0.000543
0.000588
0.000521
0.000516
0.000508
0.000539
0.000515
0.000532
0.001386
0.000968
0.000532
0.000525
0.000516
0.000534
0.000515
0.000549
0.000510
0.000552
0.001216
0.000527
0.000533
0.000551
0.000541
0.000520
0.000526
0.000515
0.000564
0.001360
0.000542
0.000514
0.000510
0.000546
0.000532
0.000720
0.000589
0.000523
0.000522
0.000557
0.000532
0.000521
0.000530
0.000519
0.000613
0.001381
0.000584
0.000533
0.000517
0.000663
0.000532
0.000530
0.000664
0.000519
0.000536
0.000554
0.000887
0.000522
0.000560
0.000511
0.000521
0.000556
0.000518
0.000530
0.000523
0.000723
0.000884
0.000877
0.000524
0.001129
0.000543
0.000598
0.000835
0.000954
0.000520
0.000533
0.000565
0.000536
0.000543
0.000546
0.000515
0.000528
0.000524
0.000889
0.000514
0.000516
0.000513
0.000618
0.000513
0.000520
0.000524
0.000555
0.000552
0.000513
0.000517
0.000535
0.000514
0.000526
0.000520
0.000534
0.000577
0.000533
0.000928
0.000517
0.000516
0.000524
0.000531
0.000511
0.000515
0.000516
0.000524
0.001200
0.000586
0.000589
0.000883
0.000541
0.000829
0.000772
0.001213
0.000516
0.001057
0.000525
0.000692
0.001094
0.000994
0.000534
0.000747
0.001155
0.000513
0.000554
0.001083
0.000532
0.000536
0.000541
0.000539
0.000522
0.000515
0.000517
0.000534
0.000791
0.000516
0.000514
0.000529
0.000516
0.001195
0.000517
0.000995
0.000516
0.000765
0.001089
0.000518
0.000535
0.000557
0.000536
0.001064
0.000773
0.000518
0.000875
0.000517
0.000521
0.000519
0.001080
0.000962
0.000520
0.000770
0.000543
0.000527
0.000519
0.000553
0.000530
0.000639
0.000972
0.000749
0.000518
0.000531
0.000533
0.000510
0.000553
0.000533
0.000513
0.000516
0.000740
0.001056
0.000585
0.000534
0.000535
0.000568
0.000516
0.000696
0.001208
0.001107
0.000606
0.000965
0.001151
0.000539
0.000521
0.000517
0.000517
0.000518
0.000713
0.001069
0.000526
0.000539
0.000619
0.000551
0.000515
0.000541
0.000512
0.000518
0.000526
0.000527
0.000519
0.000516
0.000528
0.000511
0.000515
0.000539
0.000510
0.000517
0.001296
0.000517
0.000515
0.000515
0.000519
0.000532
0.000513
0.000513
0.000514
0.000529
0.000514
0.000615
0.000522
0.000538
0.001226
0.000515
0.000519
0.000508
0.000532
0.000513
0.001262
0.000999
0.000539
0.000535
0.000514
0.000513
0.001261
0.000512
0.000535
0.000518
0.000524
0.000513
0.000534
0.000514
0.000513
0.000519
0.000538
0.000540
0.000507
0.000518
0.001010
0.000532
0.000787
0.000514
0.000794
0.000525
0.000799
0.000518
0.000545
0.000520
0.000519
0.001147
0.000535
0.001160
0.000836
0.000514
0.000515
0.000533
0.000751
0.000518
0.000722
0.000818
0.000831
0.000536
0.000619
0.000523
0.000520
0.000846
0.000626
0.001461
0.000518
0.000518
0.000589
0.000534
0.000515
0.001242
0.000519
0.000513
0.000536
0.001039
0.000533
0.000529
0.000747
0.000554
0.000520
0.001179
0.000548
0.000597
0.001271
0.000547
0.000976
0.000520
0.000514
0.000955
0.000534
0.000536
0.000546
0.000516
0.000516
0.000517
0.000517
0.000535
0.000518
0.000536
0.000545
0.000517
0.000576
0.000518
0.000522
0.000524
0.000514
0.000518
0.000520
0.000516
0.000518
0.000513
0.000517
0.000526
0.000531
0.000895
0.000528
0.000883
0.000521
0.000519
0.000524
0.000973
0.001282
0.000515
0.000517
0.000514
0.000501
0.000518
0.000515
0.001202
0.000787
0.000974
0.000864
0.000517
0.000534
0.000516
0.000510
0.001025
0.001099
0.000514
0.000843
0.000518
0.000519
0.000894
0.001467
0.000520
0.000532
0.001147
0.000653
0.000522
0.000577
0.000516
0.000516
0.000512
0.000511
0.000543
0.000537
0.000517
0.000536
0.000511
0.000832
0.000537
0.001224
0.000848
0.001362
0.000640
0.001479
0.001207
0.000536
0.001049
0.000515
0.000530
0.000536
0.000534
0.000528
0.000752
0.000526
0.000534
0.000510
0.000529
0.000524
0.000528
0.000520
0.000517
0.000516
0.000514
0.000918
0.001496
0.000544
0.000972
0.001063
0.000519
0.000514
0.000537
0.000533
0.000516
0.000675
0.001360
0.000525
0.000518
0.000510
0.000522
0.001304
0.001196
0.000543
0.000773
0.000513
0.000520
0.000518
0.000535
0.000540
0.000517
0.000518
0.000558
0.001237
0.000990
0.000521
0.001060
0.000756
0.001363
0.000576
0.000542
0.000552
0.000520
0.000531
0.000517
0.000530
0.000518
0.000517
0.000515
0.000515
0.000526
0.000553
0.000523
0.001069
0.000515
0.000831
0.000525
0.001484
0.001082
0.000513
0.000522
0.000551
0.000535
0.000912
0.000553
0.000526
0.000522
0.000517
0.000515
0.001223
0.001517
0.000516
0.000534
0.000913
0.000955
0.000540
0.000864
0.000789
0.000532
0.000657
0.000522
0.001553
0.000660
0.000532
0.000522
0.000538
0.000756
0.001159
0.000752
0.000566
0.000516
0.001316
0.000576
0.001344
0.001362
0.001089
0.000534
0.000531
0.000531
0.000743
0.001428
0.000522
0.000520
0.000532
0.000584
0.000517
0.000516
0.000510
0.000580
0.000522
0.000710
0.000739
0.000541
0.000583
0.000818
0.000526
0.001232
0.000575
0.000547
0.000544
0.000566
0.000544
0.000839
0.000517
0.000528
0.001222
0.000540
0.000545
0.000544
0.000947
0.000542
0.000539
0.001035
0.000528
0.000695
0.000588
0.000614
0.000523
0.000831
0.001010
0.000526
0.001509
0.001197
0.001257
0.000529
0.000839
0.000753
0.000727
0.000520
0.000514
0.000518
0.000773
0.000539
0.000544
0.000543
0.001123
0.001020
0.000976
0.000519
0.000558
0.001015
0.001080
0.000700
0.000548
0.000923
0.000529
0.000555
0.000582
0.000779
0.000551
0.000526
0.000554
0.000542
0.001086
0.000528
0.000515
0.000578
0.000541
0.000537
0.000524
0.000541
0.000525
0.000551
0.000559
0.000526
0.000523
0.000519
0.000516
0.000512
0.000534
0.000555
0.000549
0.000538
0.000543
0.000540
0.000531
0.000612
0.001197
0.000518
0.000545
0.000601
0.000522
0.001382
0.000516
0.001029
0.001587
0.000637
0.000520
0.000546
0.000688
0.000824
0.000787
0.000523
0.000822
0.000520
0.000556
0.000507
0.000556
0.000534
0.000993
0.000513
0.000511
0.000577
0.001033
0.000522
0.000976
0.001321
0.000519
0.000535
0.000526
0.000850
0.000513
0.000516
0.000515
0.000534
0.000578
0.000522
0.000819
0.000563
0.000531
0.000518
0.000517
0.000510
0.001144
0.000765
0.000556
0.000915
0.000547
0.000516
0.000510
0.001363
0.000521
0.000610
0.000540
0.000535
0.001194
0.000519
0.000515
0.000510
0.000538
0.000521
0.000519
0.000516
0.000536
0.000534
0.000515
0.000551
0.001212
0.001187
0.000519
0.000520
0.000543
0.001047
0.000695
0.000860
0.001236
0.000530
0.000555
0.000776
0.000539
0.000515
0.000535
0.000522
0.000511
0.000515
0.000518
0.000543
0.000849
0.000917
0.000597
0.000521
0.000545
0.000547
0.000534
0.000545
0.000554
0.000522
0.001057
0.000905
0.000524
0.000693
0.001174
0.000521
0.000520
0.000535
0.000759
0.000522
0.001080
0.000519
0.000549
0.000695
0.000519
0.000530
0.000515
0.000520
0.000541
0.000517
0.000513
0.000517
0.000527
0.000526
0.000781
0.000512
0.000515
0.000990
0.000647
0.000557
0.000542
0.000523
0.000540
0.000517
0.000533
0.000518
0.000541
0.000543
0.000518
0.000526
0.000542
0.000540
0.000514
0.000542
0.000536
0.000531
0.000517
0.000528
0.000704
0.000528
0.000867
0.000537
0.000519
0.000515
0.000517
0.000582
0.000667
0.000820
0.000584
0.000519
0.000527
0.000679
0.001061
0.000522
0.000820
0.001118
0.000540
0.000519
0.000521
0.000646
0.000566
0.001027
0.000576
0.000517
0.000518
0.000583
0.000536
0.000751
0.000522
0.000857
0.000746
0.000527
0.001001
0.000684
0.000522
0.000960
0.001194
0.001140
0.000599
0.000523
0.001383
0.001153
0.001017
0.000522
0.000708
0.000513
0.000535
0.001080
0.000521
0.000736
0.001186
0.000564
0.000684
0.001112
0.001152
0.000519
0.000515
0.000521
0.000530
0.000520
0.000518
0.000515
0.001270
0.000540
0.000534
0.000947
0.001104
0.000987
0.000515
0.000522
0.000522
0.000721
0.001194
0.000534
0.000534
0.000517
0.001006
0.000540
0.000520
0.000725
0.000965
0.000511
0.000517
0.000539
0.000513
0.000528
0.000583
0.000561
0.000766
0.000996
0.000525
0.001093
0.000538
0.000677
0.001069
0.000516
0.000772
0.001007
0.001171
0.001282
0.000513
0.000703
0.000894
0.000522
0.000588
0.000524
0.000516
0.000516
0.000515
0.000534
0.000518
0.000522
0.000630
0.000533
0.000515
0.000520
0.000515
0.001191
0.001100
0.000518
0.000539
0.000515
0.000536
0.000513
0.000656
0.000533
0.000529
0.000559
0.000566
0.000558
0.001090
0.000552
0.001123
0.001305
0.000624
0.000515
0.000518
0.000523
0.000541
0.000521
0.000510
0.000568
0.000700
0.000970
0.001356
0.000565
0.000516
0.000542
0.000527
0.000519
0.000513
0.000515
0.000511
0.000545
0.000694
0.000584
0.000564
0.000571
0.000757
0.000524
0.000855
0.000522
0.001178
0.000512
0.000532
0.000515
0.000553
0.000517
0.000518
0.000524
0.000545
0.000526
0.000543
0.000547
0.000523
0.000518
0.000531
0.000514
0.000516
0.000547
0.000512
0.000691
0.000537
0.000520
0.000518
0.000848
0.000526
0.000862
0.000546
0.000539
0.000544
0.000515
0.000518
0.000518
0.000671
0.000754
0.000551
0.000652
0.000519
0.000535
0.000978
0.000573
0.000753
0.000833
0.000551
0.000525
0.000521
0.000530
0.000515
0.000526
0.000514
0.000518
0.000531
0.000644
0.000516
0.000516
0.000528
0.000597
0.000518
0.000519
0.000594
0.000522
0.000513
0.000521
0.000987
0.000552
0.000517
0.000566
0.001330
0.000690
0.000530
0.000541
0.000587
0.000543
0.000516
0.000516
0.000515
0.000556
0.000561
0.000522
0.000590
0.000551
0.000520
0.000513
0.000529
0.000686
0.000571
0.000763
0.000523
0.000582
0.000542
0.000531
0.000569
0.000545
0.000525
0.001158
0.000697
0.000522
0.000987
0.000951
0.000537
0.000538
0.000632
0.000523
0.000512
0.000536
0.000526
0.000595
0.000523
0.000541
0.000514
0.000699
0.000543
0.000514
0.000552
0.000704
0.000564
0.000834
0.000538
0.000641
0.000543
0.000517
0.000543
0.000520
0.000521
0.000555
0.000898
0.000564
0.000540
0.000531
0.000681
0.000541
0.000514
0.000517
0.000532
0.000536
0.000810
0.000516
0.001262
0.000518
0.000518
0.000572
0.000521
0.000542
0.000523
0.000587
0.000543
0.000562
0.000526
0.000615
0.000543
0.001029
0.000535
0.000518
0.000517
0.000531
0.000530
0.001129
0.001172
0.000529
0.001061
0.000566
0.000524
0.000520
0.000520
0.000520
0.000522
0.000552
0.000523
0.000553
0.001293
0.000606
0.000575
0.000518
0.000518
0.000551
0.000674
0.000518
0.000522
0.000513
0.000515
0.000775
0.000520
0.000507
0.000512
0.000568
0.000620
0.000533
0.000511
0.000532
0.000524
0.000514
0.000527
0.000949
0.000517
0.000516
0.000518
0.000529
0.000516
0.000980
0.000886
0.000583
0.000547
0.000644
0.000534
0.000523
0.000534
0.000668
0.000540
0.000549
0.000569
0.000532
0.000518
0.000513
0.000516
0.000582
0.000518
0.000517
0.000543
0.000531
0.000648
0.000609
0.000592
0.000520
0.000519
0.000526
0.000574
0.000525
0.000529
0.000531
0.000518
0.000579
0.000523
0.000532
0.000517
0.000537
0.000516
0.000529
0.000513
0.000531
0.001201
0.000553
0.000528
0.000517
0.000668
0.000516
0.000516
0.000521
0.000522
0.000517
0.000522
0.000519
0.000609
0.000961
0.000554
0.000540
0.000708
0.000514
0.000520
0.000523
0.000518
0.000749
0.000527
0.000536
0.000526
0.000600
0.000517
0.000513
0.000925
0.001173
0.000520
0.000512
0.000558
0.000539
0.000531
0.000514
0.000515
0.000553
0.000523
0.000539
0.000513
0.000514
0.000514
0.000524
0.000513
0.000518
0.000680
0.000585
0.000537
0.000518
0.000521
0.000518
0.000540
0.000514
0.000518
0.000657
0.000541
0.000570
0.000515
0.000602
0.000524
0.000511
0.000522
0.000534
0.000529
0.000528
0.000521
0.000513
0.000713
0.000543
0.000515
0.000518
0.000515
0.000531
0.000522
0.000525
0.000532
0.000675
0.001152
0.000784
0.001063
0.000516
0.000515
0.000602
0.000629
0.000541
0.000519
0.000511
0.000526
0.000516
0.000513
0.000520
0.000507
0.000670
0.000516
0.000519
0.000518
0.000519
0.000532
0.000516
0.000514
0.000533
0.000681
0.000518
0.000518
0.000531
0.000531
0.000538
0.000521
0.000538
0.000513
0.000623
0.000520
0.000522
0.000516
0.000523
0.000651
0.000538
0.000523
0.000522
0.000941
0.000521
0.000538
0.000516
0.000516
0.000517
0.000518
0.000532
0.000515
0.000585
0.000531
0.000545
0.000541
0.000540
0.000540
0.000507
0.000522
0.000513
0.000510
0.000518
0.000534
0.000529
0.000533
0.000671
0.000517
0.000520
0.000516
0.000514
0.000535
0.000517
0.000512
0.000517
0.000552
0.000603
0.000516
0.000520
0.000514
0.000536
0.000568
0.000517
0.000519
0.000672
0.000542
0.000530
0.000531
0.000516
0.000512
0.000521
0.000518
0.000517
0.000676
0.000571
0.000525
0.000515
0.000516
0.000536
0.000518
0.000519
0.000513
0.000635
0.000519
0.000519
0.000542
0.001201
0.000529
0.000984
0.000517
0.000544
0.000527
0.000509
0.000668
0.000513
0.000543
0.000510
0.000807
0.000831
0.000558
0.000513
0.000515
0.000542
0.000525
0.000526
0.000834
0.000554
0.000543
0.000547
0.000820
0.000543
0.000515
0.000513
0.000568
0.000517
0.000513
0.000626
0.001146
0.000538
0.000515
0.000513
0.000538
0.000519
0.000526
0.000515
0.000588
0.000518
0.000534
0.000513
0.000512
0.000541
0.000521
0.001075
0.000561
0.000941
0.000557
0.000659
0.000565
0.000520
0.000518
0.000519
0.000534
0.000606
0.001026
0.000530
0.000900
0.000515
0.000520
0.000510
0.000532
0.000537
0.000513
0.000516
0.000721
0.000513
0.001079
0.000625
0.000516
0.000516
0.000514
0.000543
0.000531
0.000831
0.000520
0.000561
0.000533
0.000534
0.000512
0.000677
0.000998
0.000508
0.000532
0.000521
0.000517
0.000521
0.000514
0.000590
0.000514
0.000517
0.000535
0.000514
0.000553
0.000522
0.000535
0.000516
0.001166
0.001161
0.000703
0.000530
0.000518
0.001236
0.001101
0.001149
0.000628
0.000536
0.000537
0.000586
0.000550
0.000565
0.001193
0.000524
0.000567
0.000516
0.000515
0.000627
0.000533
0.000545
0.000536
0.000525
