19
47
33
64
68
46
53
98
42
46
14
35
64
25
77
87
72
77
90
3
7
57
28
90
98
32
87
20
72
37
44
35
50
89
95
73
38
11
20
12
57
23
16
93
61
84
58
84
81
4
38
28
86
27
39
64
92
19
83
88
90
2
48
51
51
9
69
26
100
77
3
86
58
22
4
52
8
20
68
83
24
20
73
57
5
40
48
68
46
1
81
51
52
46
22
82
71
23
34
28
94
77
65
7
4
18
76
53
65
46
79
13
77
43
7
24
96
57
63
54
100
65
20
72
33
10
33
86
22
71
24
39
45
56
83
18
41
37
26
55
99
6
91
56
70
46
3
84
69
46
46
67
89
50
52
13
93
43
54
94
77
71
12
66
43
14
39
83
60
96
94
14
43
99
24
88
77
21
86
25
50
59
55
7
68
39
90
96
89
32
18
22
92
54
55
39
9
12
49
37
73
15
71
24
51
60
45
78
55
96
89
18
66
1
70
24
84
79
78
80
27
6
55
68
49
21
40
33
22
83
70
69
29
86
33
4
54
43
2
80
19
21
21
58
36
8
13
24
56
50
68
22
44
42
26
76
90
53
87
61
77
34
96
34
84
64
15
91
25
58
43
27
20
10
72
49
96
4
61
80
94
71
37
61
58
61
18
63
65
71
89
25
5
33
6
49
80
73
47
16
12
7
54
54
11
14
98
11
24
72
23
24
53
52
73
28
33
8
75
38
93
17
28
44
27
76
7
9
81
1
60
48
67
43
23
12
98
60
4
84
33
87
15
45
98
90
19
47
68
53
48
81
39
18
56
7
58
59
75
74
1
49
21
17
81
57
33
44
36
12
14
73
59
39
39
47
72
52
40
99
43
76
55
38
24
57
17
51
84
93
93
36
68
12
8
40
98
85
96
93
30
30
84
35
33
83
69
3
63
62
27
63
49
50
35
56
65
40
52
42
47
99
25
81
39
63
43
20
88
11
49
94
9
99
63
14
93
67
93
13
37
55
57
64
12
28
91
96
61
25
62
50
77
37
74
65
71
14
61
35
97
8
21
33
90
76
66
85
54
10
88
90
15
78
18
92
1
7
95
85
66
87
50
29
54
7
67
60
13
34
67
32
42
86
90
59
67
7
62
13
71
64
49
95
88
38
85
82
97
12
56
74
36
5
94
36
91
93
43
2
36
66
75
74
76
15
4
33
96
29
12
64
65
27
13
45
38
84
66
13
84
60
62
79
51
16
16
83
11
18
33
53
22
74
5
54
10
74
42
60
93
57
13
78
4
63
46
70
22
87
65
79
40
35
2
32
40
50
72
74
21
78
22
100
82
81
44
26
21
40
24
47
77
86
3
46
68
91
91
44
26
85
6
52
36
42
95
72
44
46
31
83
6
51
34
14
40
41
71
92
25
42
99
27
20
15
17
14
13
47
84
26
32
4
36
81
13
32
6
20
43
94
70
2
16
58
76
95
23
73
66
60
87
13
53
54
11
46
58
86
42
31
36
90
81
52
47
39
82
86
94
3
58
73
71
41
1
1
75
68
90
81
63
18
49
36
24
97
31
30
52
22
41
99
18
86
91
51
88
71
25
91
72
61
100
95
34
25
19
31
88
23
91
26
98
79
31
41
32
10
19
12
63
27
70
52
46
89
37
6
41
38
89
74
32
37
53
6
70
32
3
31
73
12
60
91
19
82
61
16
39
51
81
80
54
12
52
19
68
71
49
87
18
44
27
89
62
9
75
75
2
20
65
19
44
92
47
66
62
75
5
9
73
88
30
36
43
77
90
3
36
57
30
52
34
29
8
26
89
49
24
14
12
19
23
45
85
56
26
4
55
90
97
63
35
67
34
29
76
21
57
46
89
70
18
64
25
31
1
17
43
75
26
68
33
85
52
87
51
7
52
4
68
57
46
5
32
1
52
75
93
56
59
100
79
17
25
38
25
12
68
8
80
55
98
85
18
100
76
43
62
26
11
20
2
86
63
6
71
43
25
75
78
19
34
32
56
6
78
65
71
77
46
13
37
3
25
54
28
57
40
88
34
47
57
59
41
34
31
52
50
52
90
34
45
41
37
98
8
34
20
70
96
63
10
47
10
91
43
38
26
27
10
2
82
12
70
33
21
61
77
61
35
49
70
51
97
16
79
95
93
17
63
73
1
96
78
65
83
11
65
54
33
23
54
63
31
36
45
71
77
77
34
2
67
55
34
52
77
83
31
83
27
47
74
38
26
86
41
54
4
71
78
52
51
36
8
98
41
19
