21
74
4
33
96
68
55
67
37
1
76
22
89
48
57
70
36
2
39
2
1
16
76
80
5
100
80
12
70
78
62
8
29
26
88
18
43
6
60
29
59
47
89
49
63
42
16
71
9
11
100
65
46
6
87
31
83
38
27
34
47
18
28
36
54
67
26
80
12
4
53
95
82
51
88
39
85
81
10
87
41
53
3
62
30
96
75
87
58
66
15
50
84
61
58
16
24
47
15
48
91
27
99
64
52
100
67
59
49
93
14
22
88
97
66
8
82
1
45
38
81
28
50
30
39
93
5
81
67
74
44
78
38
28
26
37
99
15
30
81
61
89
3
14
96
81
52
80
72
91
56
34
86
51
45
25
45
52
94
54
12
18
44
26
81
27
21
76
19
37
3
17
53
90
89
67
56
85
58
84
32
58
11
30
14
61
48
58
67
43
40
59
86
26
3
3
6
62
57
63
55
24
2
1
83
47
86
75
49
45
90
41
89
8
95
90
48
77
54
29
49
92
62
23
14
83
39
91
78
35
18
61
99
8
10
17
93
30
85
6
17
69
75
53
78
36
69
59
27
23
60
52
86
82
76
68
51
18
7
57
80
28
22
1
63
91
53
27
74
75
21
82
55
69
81
81
99
30
78
39
54
68
70
97
95
47
60
8
57
24
84
28
77
96
54
80
25
63
39
44
37
81
27
12
10
87
46
53
63
82
64
19
22
98
13
52
58
8
23
87
100
91
63
72
60
42
63
71
5
22
28
51
75
66
58
17
60
30
75
45
98
49
71
69
24
1
77
72
41
17
56
52
78
53
89
11
18
17
98
75
93
1
11
9
15
97
46
90
74
36
16
4
27
41
46
71
86
71
17
72
68
86
56
55
51
89
8
35
13
18
60
46
67
64
54
77
35
31
97
55
26
2
98
22
25
40
41
38
54
10
44
43
99
79
7
65
80
64
79
88
65
3
85
90
4
30
93
17
26
36
48
92
9
62
57
25
80
88
78
6
96
48
2
42
54
89
41
73
100
18
99
54
78
34
50
57
49
53
28
82
56
31
54
75
27
96
8
12
58
93
5
76
57
10
52
29
47
79
14
1
44
79
80
21
22
58
34
95
66
99
89
73
56
78
65
2
23
26
61
35
96
18
3
54
35
37
82
8
70
51
96
93
35
90
18
94
85
25
11
87
96
51
99
85
40
66
72
93
46
91
64
58
12
57
38
34
93
46
28
84
51
99
92
82
29
2
43
85
59
33
37
77
25
2
17
96
55
74
83
9
25
15
99
84
60
70
86
7
46
71
53
49
12
73
29
25
64
19
81
36
20
5
89
48
63
92
80
69
7
47
1
88
12
79
32
29
100
68
53
92
72
80
34
56
41
92
47
12
37
49
97
20
51
23
37
89
12
79
25
15
3
72
35
63
62
100
75
60
40
43
93
12
93
100
19
98
75
67
26
15
90
88
3
83
61
2
43
75
88
7
43
61
36
22
19
75
20
56
48
17
33
98
2
71
89
4
85
79
65
1
72
35
45
26
82
39
95
7
17
58
100
57
53
97
20
7
90
1
95
52
43
82
39
91
36
69
98
84
62
19
95
31
14
10
79
46
62
9
30
91
88
55
48
58
56
41
36
72
44
53
79
95
71
81
60
30
41
41
94
98
33
6
14
57
13
40
55
30
23
79
18
68
18
44
100
51
70
81
67
62
99
12
24
96
66
22
60
37
79
86
20
43
59
77
69
61
73
26
98
96
48
58
98
41
50
56
19
76
63
30
89
47
22
21
18
42
78
67
66
6
98
65
32
68
91
66
33
89
12
33
18
71
6
49
98
34
75
38
62
93
6
29
41
73
64
73
85
61
4
6
3
41
39
55
51
56
72
71
44
85
16
13
89
40
8
80
60
35
10
86
97
50
42
14
80
34
95
68
14
21
48
6
26
75
68
39
28
12
75
30
42
89
91
47
4
100
49
78
9
53
44
36
50
17
8
30
5
11
32
83
87
53
84
68
83
27
46
49
33
98
55
90
65
16
68
44
35
8
54
99
66
99
97
33
26
4
3
75
74
28
87
42
5
92
34
46
70
54
56
62
30
51
68
99
98
16
24
13
54
53
100
33
70
68
88
88
45
48
87
89
85
33
50
21
7
18
55
65
11
76
78
13
82
27
15
6
16
32
2
55
26
22
47
7
99
85
97
17
24
37
28
4
54
47
26
70
3
76
86
55
25
59
65
12
73
47
88
21
100
33
91
58
45
83
63
8
14
5
30
96
59
92
97
12
96
81
26
42
28
87
90
67
74
37
16
3
61
17
23
68
64
65
37
2
48
60
22
98
45
84
3
7
75
60
40
60
30
72
52
68
58
55
92
79
65
2
96
59
58
60
71
71
75
26
68
70
2
64
38
4
5
72
4
55
27
54
22
55
57
21
96
71
43
100
21
93
92
99
5
13
9
8
50
49
61
10
44
9
67
17
27
22
28
70
52
31
8
30
91
63
62
90
32
16
63
28
89
7
8
24
70
29
9
54
86
31
33
58
31
60
2
63
36
44
2
45
37
52
62
82
9
67
83
7
75
36
73
32
41
57
65
99
71
88
39
41
40
93
30
51
60
76
56
52
69
55
28
94
70
63
89
97
14
69
74
95
28
64
40
42
58
27
66
62
76
50
55
26
10
62
59
23
37
58
81
68
87
78
6
41
20
37
47
44
32
31
96
89
24
39
37
90
77
16
56
44
15
99
66
40
2
43
75
35
96
15
12
5
87
29
98
41
14
23
17
35
36
45
74
8
9
70
21
95
37
66
83
85
88
74
59
55
98
56
48
68
68
34
17
63
83
87
5
25
95
28
41
34
35
97
34
89
14
20
36
17
94
62
90
14
84
23
92
62
93
39
15
34
85
82
11
32
97
55
2
88
1
49
13
100
24
68
2
80
31
65
19
46
3
65
82
60
89
42
45
11
78
68
17
87
35
16
9
13
46
79
49
96
73
49
48
6
20
49
91
62
26
85
66
23
94
85
34
76
47
65
28
50
46
20
57
35
79
22
13
4
34
62
77
24
1
72
52
11
39
90
8
85
96
13
52
18
8
68
63
95
92
19
47
27
22
18
75
99
86
64
73
88
91
13
85
15
33
12
47
27
80
57
28
76
65
79
87
27
80
53
33
17
1
82
14
63
26
5
73
33
71
78
96
98
34
79
97
86
86
100
86
93
37
98
37
8
60
48
37
58
88
68
13
14
30
19
9
17
99
8
46
48
17
99
81
79
43
4
31
94
5
42
93
21
96
17
48
39
53
60
94
17
19
27
40
57
70
15
26
1
1
25
44
95
80
13
18
12
56
39
77
23
5
62
42
90
93
3
97
77
96
89
64
59
39
92
14
94
34
45
40
96
35
57
