98
3
66
44
72
51
40
21
42
75
7
48
90
66
47
7
86
14
88
72
9
5
66
52
82
81
81
38
54
56
16
41
52
43
24
76
100
69
85
80
49
9
20
20
83
76
58
82
66
52
71
59
2
5
27
16
76
96
67
87
78
80
89
82
71
35
6
34
82
60
98
35
12
79
35
22
27
3
73
66
51
22
84
53
73
10
24
97
11
67
70
7
93
16
18
82
39
62
88
88
86
94
64
62
86
55
11
67
75
55
41
35
46
69
60
2
94
85
25
14
26
84
46
42
31
88
67
9
41
72
76
80
33
32
81
10
35
39
32
60
58
37
99
53
47
56
94
18
18
81
43
19
59
91
79
41
47
68
28
44
91
7
74
82
46
92
66
30
9
77
71
74
94
52
1
47
69
19
20
5
72
75
57
87
71
80
4
79
68
99
61
59
50
24
87
6
44
21
2
44
77
95
83
13
4
65
78
37
38
32
42
22
15
63
61
35
72
71
97
63
59
93
15
8
3
4
40
40
11
3
55
78
81
82
61
80
19
7
41
56
95
47
35
8
58
39
65
7
16
33
30
94
54
57
41
37
81
12
74
35
38
29
86
29
17
18
53
25
56
58
87
85
99
73
1
82
18
50
38
67
67
16
63
92
94
33
69
1
11
8
16
78
27
25
30
77
17
25
69
6
83
80
22
77
12
25
21
95
73
80
98
88
45
12
95
3
51
22
59
46
78
61
100
46
4
73
52
23
44
8
72
76
82
48
29
64
99
67
23
76
46
32
65
78
53
46
51
22
88
7
36
32
3
32
84
100
22
52
58
19
60
7
61
77
41
51
26
18
33
66
22
78
13
24
100
61
50
77
91
11
41
23
54
18
27
60
43
8
95
82
39
23
15
68
82
13
71
56
7
47
25
7
36
57
60
71
7
1
28
96
90
66
37
89
43
60
84
93
20
22
99
10
68
1
37
41
80
96
28
65
22
7
95
8
20
29
28
86
89
56
100
92
86
29
73
98
49
36
72
64
90
42
89
57
87
57
52
25
28
26
16
91
53
63
94
58
78
50
46
36
60
37
79
29
72
95
51
29
1
10
15
2
51
18
60
34
65
41
69
26
95
76
12
17
55
44
33
59
55
47
38
8
78
91
86
17
56
4
17
70
30
16
56
81
4
12
57
2
52
29
12
78
71
89
24
88
54
10
38
39
70
62
75
15
11
22
75
44
44
68
25
1
8
22
24
14
18
91
50
68
77
93
12
66
39
9
77
15
21
65
81
47
74
15
49
90
93
89
30
61
63
37
2
57
100
64
56
57
72
72
44
59
85
57
40
54
96
24
66
34
3
51
61
27
59
10
70
78
28
35
30
9
47
23
63
5
91
34
3
48
77
11
25
33
45
38
63
50
46
72
82
67
49
58
23
2
70
13
91
8
71
55
79
37
20
94
6
60
28
8
3
34
80
93
1
20
45
34
10
86
63
5
90
98
50
1
72
5
39
90
77
30
54
66
47
91
50
38
63
100
25
4
50
18
9
18
1
77
15
43
19
46
45
35
7
100
6
20
87
66
84
42
84
82
67
21
77
47
47
68
89
90
42
64
100
4
29
18
44
25
93
94
98
67
49
37
95
87
97
71
49
95
88
20
2
37
76
54
88
63
28
77
24
70
27
63
30
14
42
48
25
73
6
2
40
15
41
5
24
68
25
63
38
74
45
46
65
39
52
94
63
28
88
55
8
32
11
13
51
65
52
42
20
93
81
47
28
68
54
53
100
78
82
1
9
55
71
20
54
66
88
22
39
41
78
91
17
39
97
3
55
48
99
33
94
31
84
21
40
99
18
2
16
99
12
97
69
43
55
17
49
35
32
40
87
30
78
60
56
97
63
82
16
100
79
70
14
23
47
52
47
93
23
100
84
43
24
91
60
30
35
65
97
49
2
98
1
87
28
30
35
95
86
13
25
64
37
17
58
39
75
35
85
87
3
100
24
35
77
81
50
69
98
61
67
7
100
36
77
80
22
7
38
64
53
17
57
61
60
69
28
93
10
65
86
27
50
81
78
9
84
95
44
2
92
6
79
41
41
86
39
62
9
94
42
54
43
93
95
2
69
98
17
11
36
92
62
71
25
35
35
26
10
91
32
60
86
98
96
59
40
78
61
8
53
97
29
91
90
85
35
40
86
67
100
88
71
20
93
14
86
58
9
12
14
90
85
3
26
78
62
22
17
73
46
66
46
21
41
17
38
57
21
65
76
85
83
72
93
51
94
65
27
56
90
7
40
34
2
58
4
23
65
31
94
8
11
15
13
15
69
8
84
83
51
3
48
1
51
42
80
90
84
68
84
81
83
9
16
78
55
83
58
1
3
24
14
20
26
25
90
53
65
66
56
2
26
65
91
72
34
93
1
87
55
92
70
96
35
84
10
76
43
89
33
87
87
9
49
13
36
51
12
33
11
64
52
81
16
27
87
94
78
89
85
22
14
53
57
86
90
89
17
41
84
76
64
95
20
76
5
29
50
82
54
26
27
52
18
59
66
65
95
46
27
49
52
13
71
45
81
54
10
18
9
89
54
30
9
74
49
93
6
41
52
1
3
45
81
43
12
28
27
82
89
65
13
18
82
11
18
1
68
21
60
70
83
40
98
69
13
29
98
42
68
46
63
79
24
98
20
72
44
73
25
73
3
49
93
36
84
66
67
96
3
23
3
29
94
15
44
15
81
64
44
18
10
10
77
61
98
20
38
63
84
90
17
20
97
32
18
81
3
86
76
22
56
32
61
100
67
39
53
33
33
26
94
53
97
31
39
33
62
31
19
56
40
79
9
45
40
48
81
54
31
30
41
84
48
57
17
61
66
90
87
48
80
89
38
39
3
67
86
13
66
2
94
19
43
35
18
60
41
50
89
93
67
5
12
30
58
5
69
17
8
75
20
48
43
15
98
88
35
93
95
81
60
70
91
59
100
81
35
20
32
9
67
89
63
67
65
1
28
40
80
42
5
43
5
75
4
36
41
7
18
27
78
34
76
84
99
33
12
65
41
8
58
40
59
61
82
28
97
3
90
81
13
7
51
82
11
33
61
83
63
94
60
66
38
7
68
82
98
50
12
47
18
43
9
45
92
71
72
94
35
53
34
85
7
47
51
35
30
16
17
36
19
66
87
15
64
80
15
5
27
24
96
46
15
56
52
39
80
16
1
42
85
69
79
53
64
73
9
88
35
58
9
46
10
44
42
60
98
18
42
7
55
98
91
92
31
100
30
65
98
39
12
10
28
18
68
17
39
75
77
45
61
21
100
29
41
69
46
26
76
28
26
63
91
98
2
68
35
29
89
3
99
51
3
30
68
83
75
23
39
100
79
51
68
96
65
47
14
47
70
33
14
6
85
28
62
33
39
86
67
44
13
95
21
80
29
9
2
17
75
15
86
100
7
66
45
82
54
46
6
43
92
22
3
87
96
92
35
70
80
44
48
10
30
14
1
83
70
88
66
67
23
89
39
63
21
14
99
42
32
22
53
72
15
6
59
13
41
9
88
12
33
74
86
83
54
65
94
36
95
70
42
38
83
9
4
75
8
43
66
31
28
63
100
49
8
75
15
25
48
70
39
71
26
56
7
47
58
35
88
18
2
11
40
85
61
86
83
35
93
55
49
60
99
87
15
18
70
59
75
1
76
5
39
5
6
37
19
69
71
62
73
84
70
88
34
31
76
13
45
75
21
67
39
3
6
52
37
55
4
14
22
13
3
38
38
1
100
13
25
56
2
56
57
24
52
36
45
6
58
8
9
68
33
92
94
80
75
80
21
13
27
50
94
26
1
51
27
91
31
15
69
38
61
63
41
48
20
18
20
59
98
45
9
88
74
6
1
88
37
70
50
96
42
3
44
92
93
37
29
65
11
9
66
93
61
65
93
83
88
46
53
64
30
89
63
39
86
91
72
41
33
32
87
9
62
22
7
78
2
21
54
98
90
46
37
67
49
9
4
46
55
96
76
92
64
4
80
44
50
89
80
10
89
32
67
70
83
94
10
80
72
42
23
87
75
56
15
21
97
9
50
97
25
80
76
34
71
53
98
66
100
17
49
35
100
8
27
66
42
85
94
47
97
99
70
35
85
10
12
3
12
25
39
89
63
47
26
38
70
42
65
41
49
8
33
5
44
20
11
80
97
96
31
39
83
12
49
88
89
22
86
84
53
10
28
70
15
97
89
31
36
60
73
78
73
18
81
55
80
87
68
62
43
85
39
2
14
36
61
97
13
96
67
99
87
36
17
43
5
6
73
98
27
92
7
33
99
74
84
15
47
29
33
8
89
59
87
80
17
46
84
2
56
68
79
12
59
24
59
46
61
90
95
68
31
29
27
45
56
42
5
36
85
90
25
94
28
59
13
94
44
14
84
37
37
94
55
34
98
81
39
74
86
70
77
86
17
47
1
44
33
88
61
29
32
50
93
86
52
11
72
44
39
1
51
3
8
8
34
26
21
77
2
23
9
81
37
51
36
42
25
61
34
85
40
25
100
78
98
77
8
47
58
30
33
88
94
49
72
41
81
96
56
21
38
84
94
93
15
32
92
39
86
77
12
8
88
18
24
92
21
9
40
90
51
53
15
67
34
24
78
58
14
68
71
34
77
12
42
35
61
31
66
1
38
18
36
2
89
57
11
59
11
72
99
8
19
100
41
89
70
19
30
28
32
85
83
51
84
48
84
22
58
82
29
100
31
12
97
92
75
21
10
69
34
53
93
19
60
50
35
17
82
75
69
12
74
12
13
80
93
12
64
29
13
59
93
94
71
5
24
97
25
49
76
28
4
30
97
92
67
1
22
72
31
60
31
34
95
17
7
80
6
84
91
55
1
51
63
79
27
59
13
24
8
32
73
76
97
90
43
48
61
81
23
98
86
81
41
43
30
59
47
73
36
68
23
18
49
26
74
1
10
44
12
58
28
29
77
62
63
81
11
83
20
50
26
79
1
70
86
96
47
60
28
25
80
81
22
15
39
21
35
99
51
34
10
72
95
53
19
87
50
100
10
52
39
91
52
71
14
78
2
5
52
34
14
66
24
49
13
54
50
45
31
34
92
52
12
87
44
26
48
96
52
6
7
79
31
96
32
46
15
95
94
71
87
86
8
93
31
15
75
72
53
83
10
95
53
17
88
28
77
89
42
100
9
68
57
25
93
31
96
52
25
51
7
11
35
89
29
6
72
15
54
42
100
65
91
30
78
50
66
86
41
54
88
62
9
80
58
54
6
15
5
35
55
10
22
65
50
85
16
98
21
84
57
85
45
40
70
100
46
63
22
90
21
92
42
71
44
31
75
90
12
50
46
48
40
68
85
81
78
98
18
38
45
21
66
98
93
62
26
10
16
31
96
16
59
46
88
33
52
27
44
7
43
31
70
43
75
32
4
52
18
45
77
38
51
43
68
41
75
45
26
38
69
15
56
11
20
62
51
34
92
17
5
91
26
90
29
77
63
50
72
36
46
17
24
52
32
84
78
18
48
23
60
87
93
93
14
18
51
64
97
56
66
97
37
70
86
47
37
60
17
3
64
100
63
93
67
34
54
23
65
3
62
37
32
95
16
30
91
56
14
38
81
83
52
74
29
16
6
17
94
23
63
13
36
61
45
72
63
96
