20
74
21
6
50
40
27
14
69
93
61
15
1
36
98
52
77
34
73
39
9
69
1
77
50
4
56
37
36
12
6
69
76
14
49
54
34
53
30
91
32
90
80
53
21
59
32
26
74
69
81
42
82
50
96
23
8
15
97
6
30
41
41
70
3
5
12
28
6
69
82
22
38
38
44
80
83
31
78
27
76
63
62
1
29
28
88
93
30
95
83
24
51
21
69
93
36
27
84
17
77
26
74
8
83
14
3
8
48
38
8
6
28
74
13
65
28
95
66
68
34
62
20
8
67
95
41
100
22
63
62
58
83
36
37
48
91
40
12
7
95
23
38
62
35
66
81
46
34
50
9
88
16
13
14
100
95
22
64
62
71
4
75
86
78
100
23
50
25
68
53
6
4
84
1
56
28
76
6
90
97
23
8
80
42
24
14
2
46
38
81
9
89
99
36
61
44
92
13
25
67
99
20
68
85
37
74
14
82
34
16
81
36
62
6
67
50
66
70
29
79
89
75
89
79
49
76
88
11
89
20
12
47
39
36
24
49
97
3
69
73
48
10
39
25
29
85
73
67
95
58
24
64
16
55
89
74
44
83
91
86
79
67
62
70
92
6
63
9
36
60
86
90
46
35
27
19
53
55
20
59
45
21
31
73
78
9
15
65
5
67
43
53
5
72
50
79
93
94
34
