33
30
24
89
10
6
72
7
21
83
67
96
80
51
80
7
3
31
63
63
3
10
15
19
70
27
81
73
29
5
6
84
25
32
96
5
91
47
34
98
63
18
61
33
3
12
30
32
94
92
91
5
78
5
65
89
12
19
48
54
45
49
17
52
61
35
18
47
46
49
3
18
82
80
44
59
96
17
92
42
32
79
32
26
65
58
27
41
2
90
13
54
50
60
5
21
16
86
20
92
78
47
43
15
55
57
62
64
63
59
36
41
19
73
36
22
67
25
59
32
69
22
62
10
26
64
26
47
37
51
82
74
33
95
34
44
100
9
78
37
26
26
23
42
81
26
50
57
90
36
57
99
99
36
19
25
86
95
22
31
9
42
45
40
62
41
76
61
50
64
93
67
39
69
11
7
98
85
52
61
68
13
68
29
14
70
82
25
13
37
84
87
62
26
46
96
7
21
53
81
1
4
55
19
66
65
67
1
50
14
23
42
79
7
87
13
65
87
35
32
85
70
61
92
2
91
96
26
29
48
80
78
45
38
14
11
100
5
40
48
57
36
23
95
95
88
12
47
88
1
5
91
47
2
54
20
78
60
28
40
5
97
98
75
15
86
26
68
89
83
93
61
39
76
47
86
23
58
46
31
79
34
88
12
49
2
79
62
65
29
11
20
39
74
23
95
57
75
29
49
99
9
38
17
33
3
93
100
51
95
86
78
10
31
25
59
68
14
64
41
66
90
74
84
17
17
16
60
53
65
93
94
76
15
78
97
13
99
98
72
51
48
12
8
89
43
91
47
25
74
37
88
38
92
39
41
1
26
27
28
38
12
50
11
15
83
24
54
47
60
54
5
48
48
47
71
11
47
27
75
70
59
51
46
45
33
81
14
34
90
18
78
70
78
48
78
45
52
23
29
81
76
17
5
25
65
72
36
17
57
98
60
36
18
46
29
35
75
38
88
35
57
98
64
92
56
87
86
58
73
93
44
78
46
84
99
62
93
11
84
59
46
19
17
82
97
100
55
20
14
62
53
79
8
62
93
34
16
74
51
80
12
67
38
56
4
59
80
60
70
3
86
34
77
92
17
99
52
3
86
26
26
42
47
73
94
4
64
56
21
38
46
65
47
61
45
58
59
94
58
69
7
78
48
58
88
98
97
67
15
95
22
61
65
27
19
15
10
30
59
57
36
93
70
32
41
15
24
75
13
58
52
74
6
22
93
34
69
80
67
53
86
32
65
61
100
90
94
77
4
4
44
80
85
29
85
57
4
6
24
4
49
76
23
72
59
9
86
50
31
22
69
8
54
93
6
24
53
30
91
37
26
64
9
23
12
10
66
61
13
23
18
71
51
64
54
88
69
94
70
76
74
81
53
46
17
57
60
17
93
68
98
10
61
84
78
61
12
44
11
35
28
98
80
61
79
43
12
93
4
86
5
71
77
55
50
82
98
39
52
49
58
61
45
33
95
85
89
48
40
3
90
45
30
13
29
75
82
16
72
43
60
28
88
1
24
28
38
49
49
7
15
90
39
64
27
49
62
92
13
39
63
76
77
1
31
3
65
32
100
29
30
16
12
31
65
17
97
87
67
7
34
63
56
90
15
46
77
60
13
27
3
34
97
1
23
62
75
62
19
49
89
11
21
19
5
32
73
58
49
98
64
11
60
91
59
83
89
41
16
20
86
81
27
80
18
77
34
42
21
96
47
48
81
21
87
55
14
27
82
90
9
72
95
24
57
95
38
67
5
86
43
65
26
9
96
48
74
44
44
85
22
13
47
27
44
39
43
14
57
87
7
1
19
68
9
16
92
49
30
14
30
96
7
20
48
97
48
96
19
14
31
91
92
11
74
55
69
25
88
65
18
66
89
6
6
50
39
55
39
82
86
32
79
74
58
41
93
80
65
31
50
54
95
35
6
29
41
4
53
47
56
27
20
79
7
64
17
65
25
79
23
60
83
66
35
67
73
77
42
86
98
23
12
44
98
49
3
16
95
85
35
14
13
91
82
67
30
18
51
26
87
29
81
12
85
55
38
68
68
97
89
69
44
82
91
71
43
58
89
16
13
84
86
70
20
52
31
18
18
90
20
36
69
75
19
34
36
23
73
66
21
51
19
39
3
52
6
37
51
40
14
24
50
39
54
75
15
7
56
87
45
4
79
25
1
91
34
36
32
93
22
98
84
2
11
89
14
75
48
77
56
99
59
59
46
90
15
64
37
91
59
64
71
97
88
72
95
87
75
20
37
53
56
31
32
64
20
3
18
90
58
100
89
65
19
58
72
68
97
99
25
65
85
66
80
22
62
74
83
37
17
25
69
10
48
72
68
94
13
71
98
91
86
91
82
4
69
74
69
79
95
90
40
90
70
67
91
54
68
61
87
5
12
93
31
28
11
55
79
97
55
35
67
56
80
85
38
44
42
8
74
51
22
26
64
26
98
96
52
23
35
32
42
53
16
57
70
10
22
39
69
10
58
88
87
32
27
37
80
50
48
58
87
76
77
6
52
30
21
7
49
63
34
99
49
22
37
90
50
15
13
5
52
90
43
61
47
21
84
74
98
70
35
61
62
65
79
28
1
11
31
42
30
22
91
76
38
88
90
83
61
36
33
58
100
46
92
10
97
50
75
89
81
66
50
55
91
86
96
30
33
31
66
35
10
59
37
58
73
33
76
23
96
44
51
19
9
78
32
1
59
49
20
34
68
52
100
74
31
46
76
15
75
46
64
61
99
51
38
56
43
73
55
13
77
94
79
44
55
91
68
63
75
81
9
86
4
41
100
99
79
25
41
69
47
36
31
95
62
93
43
16
100
28
27
47
78
2
20
16
60
8
71
84
90
87
46
66
33
68
94
30
12
55
40
7
27
84
41
55
45
12
24
35
94
92
94
1
87
71
94
100
82
15
69
59
81
2
28
72
18
41
17
65
19
83
19
10
25
84
4
1
26
39
39
31
26
94
4
68
27
42
44
56
63
21
57
22
39
82
7
88
37
49
44
32
94
86
50
35
1
41
19
61
81
21
80
12
43
40
39
58
62
50
92
15
50
99
61
38
5
36
32
7
10
38
59
53
38
44
9
8
85
17
72
30
5
64
38
5
29
68
22
51
82
10
95
90
13
44
59
46
27
34
10
17
33
24
73
62
69
68
68
93
59
76
73
86
64
99
19
68
56
56
75
20
37
39
66
35
80
84
98
1
63
98
10
89
16
89
63
41
53
4
35
65
82
81
46
11
19
2
89
98
96
88
41
26
50
8
98
33
36
24
25
46
87
97
79
69
51
5
27
37
85
80
14
70
87
89
53
59
28
20
77
57
41
67
38
10
65
55
7
69
69
75
38
41
54
95
49
29
43
17
59
2
3
60
37
55
89
31
26
76
87
28
58
75
93
95
73
19
13
31
37
48
98
63
41
35
52
42
16
84
32
1
16
29
37
42
82
56
42
9
37
55
26
95
38
89
64
79
10
56
73
2
5
86
45
80
12
88
16
10
27
20
43
73
56
69
89
50
26
70
56
78
89
72
52
94
69
31
37
86
54
94
9
85
9
48
29
10
40
26
60
20
44
94
92
51
50
3
46
24
43
74
67
85
25
47
92
8
3
62
76
43
18
81
39
76
90
11
61
3
76
37
3
73
82
53
67
93
87
10
66
95
20
76
65
79
72
17
39
49
82
96
68
18
40
49
31
38
97
75
29
47
63
21
85
12
8
85
15
3
12
57
88
77
19
83
30
5
71
81
60
66
100
25
61
51
62
88
97
34
11
76
59
78
69
62
95
7
32
82
100
43
37
97
10
10
73
76
53
86
86
92
27
63
77
89
4
75
97
81
75
26
50
59
4
55
55
62
72
48
63
44
57
49
40
68
8
87
61
80
63
12
46
96
31
77
41
65
95
10
28
52
3
45
82
42
77
94
99
73
80
57
81
49
48
67
19
48
9
6
54
50
12
65
93
64
40
35
35
87
46
50
50
70
42
66
100
79
11
29
21
27
31
58
55
69
30
38
93
78
83
92
23
31
38
2
32
10
28
11
18
23
81
65
69
74
11
4
54
17
84
21
100
55
59
35
96
12
5
30
95
19
15
52
50
61
72
62
52
62
64
81
49
1
95
47
11
42
26
82
27
66
42
41
1
40
80
54
51
94
7
13
90
95
100
51
78
58
62
5
44
71
87
81
84
45
32
1
61
54
2
86
57
22
61
30
53
38
86
80
16
58
82
24
52
79
78
67
45
89
91
59
70
17
8
18
38
16
85
12
7
80
15
48
62
23
6
49
98
80
23
60
48
51
85
22
3
21
20
94
13
98
81
98
58
86
71
38
92
23
51
52
51
43
39
94
100
58
24
34
30
83
78
22
51
27
50
78
63
83
74
24
50
18
9
52
97
65
9
44
78
4
9
97
57
63
80
89
27
72
71
59
79
26
54
61
1
7
20
26
78
92
51
72
36
11
97
71
49
69
63
76
36
18
30
75
85
75
14
58
87
2
10
29
87
75
7
4
95
20
76
24
78
21
57
43
84
6
48
42
84
95
41
96
77
90
28
7
83
45
29
47
48
51
74
46
58
30
87
89
78
76
48
24
53
93
50
43
84
67
8
47
58
53
98
30
25
59
71
11
13
99
57
2
85
45
35
53
8
54
1
34
15
16
68
87
62
93
4
47
77
80
89
28
1
4
68
18
44
71
4
86
55
6
77
61
72
74
22
25
1
51
54
70
61
75
99
49
34
13
9
48
44
40
90
88
57
34
23
88
3
3
90
9
65
64
97
38
80
59
64
89
5
25
58
50
67
30
21
49
82
44
9
43
90
49
46
14
95
26
64
78
88
25
41
63
58
97
90
33
28
74
80
88
35
96
51
86
75
5
34
2
63
73
42
61
83
2
33
28
20
14
77
93
15
35
52
68
40
69
69
30
98
68
11
77
47
28
16
70
10
46
17
6
64
32
27
16
31
65
91
77
25
54
59
76
79
72
42
27
51
84
41
64
32
86
82
57
32
30
77
3
90
1
27
53
31
58
70
74
94
49
72
79
81
70
88
46
84
56
95
70
1
21
14
80
20
16
87
22
6
14
45
90
67
16
33
83
72
10
72
74
56
60
53
67
23
22
54
26
94
19
87
100
28
87
67
13
51
79
83
37
35
41
29
38
23
49
22
69
15
3
67
18
88
23
10
37
28
53
27
28
16
90
38
82
46
62
95
69
61
75
38
93
56
24
22
13
64
45
87
95
65
13
23
61
100
57
73
51
83
26
5
38
78
48
48
26
62
4
55
95
4
50
75
10
6
15
82
88
54
66
74
13
51
59
8
15
45
8
95
27
52
31
79
46
22
7
1
57
30
53
62
68
28
31
38
38
86
37
4
28
21
92
14
29
5
45
92
14
36
53
68
23
55
15
63
45
45
91
89
31
44
38
59
30
99
68
86
53
9
2
15
4
94
28
14
10
56
37
14
83
72
46
84
65
89
56
100
77
17
37
36
48
10
1
16
49
41
42
38
24
98
65
90
51
99
21
74
82
66
27
4
43
64
83
26
94
4
90
68
44
67
7
92
19
39
85
7
99
18
68
18
58
51
54
13
41
84
30
77
8
78
78
4
54
12
79
56
26
90
23
6
59
49
96
24
13
86
30
92
64
83
58
15
49
19
19
61
64
21
91
45
76
93
98
56
55
61
88
78
40
37
92
55
62
32
56
22
35
3
84
32
95
54
65
89
42
43
90
16
39
73
45
35
37
68
38
27
31
92
63
92
21
98
41
60
1
39
62
23
61
7
87
87
24
90
65
37
97
23
31
36
17
93
84
51
99
22
69
62
3
56
55
29
50
33
84
6
100
64
45
81
78
65
54
15
50
74
94
71
86
40
46
49
89
76
42
23
53
23
79
43
24
29
11
84
17
52
4
27
32
41
69
73
32
70
19
48
71
77
57
30
56
3
15
72
66
70
70
85
81
33
47
46
4
57
34
82
3
18
15
11
1
97
59
25
29
76
39
1
16
77
15
51
43
95
25
15
39
4
19
97
10
44
99
98
20
32
62
81
73
90
78
2
25
95
48
41
27
77
91
5
2
52
86
14
26
5
8
68
91
80
16
94
84
61
12
7
80
90
15
89
51
1
9
90
72
34
45
72
47
21
38
38
9
8
39
95
13
16
61
71
49
68
47
78
100
60
8
27
98
49
63
76
61
32
80
24
1
4
61
57
29
72
34
53
82
76
70
77
32
17
31
64
90
96
34
67
67
51
7
30
66
96
33
90
56
99
55
32
94
78
95
68
44
83
14
15
54
90
22
67
78
66
4
53
5
98
83
34
70
23
34
98
63
65
97
8
73
32
21
77
88
52
23
79
20
65
6
63
3
84
67
80
93
68
84
70
43
89
10
73
27
52
65
10
52
24
9
75
11
29
60
100
58
9
68
91
61
92
9
70
50
57
31
44
65
43
56
87
76
11
79
62
69
54
68
35
32
50
78
18
12
89
4
49
50
28
98
39
54
84
36
99
49
2
19
81
98
14
82
100
68
94
33
12
80
24
82
10
7
86
99
69
42
53
59
40
69
81
68
20
86
60
36
23
9
29
10
60
44
69
57
74
46
74
4
24
22
8
82
5
82
78
57
38
11
28
95
39
28
72
40
69
66
88
45
8
75
55
99
51
86
77
13
81
18
38
97
72
49
16
92
91
28
87
14
82
63
68
56
77
52
91
10
16
98
98
59
67
91
17
99
65
41
75
70
17
84
21
1
28
64
66
1
69
84
87
75
100
80
48
41
47
