77
30
45
100
59
14
10
2
4
96
53
89
43
99
5
4
49
80
29
42
93
97
74
62
6
78
87
58
21
63
28
66
55
46
36
20
39
3
14
90
95
29
38
70
80
36
20
67
53
38
42
60
28
68
49
5
47
5
26
46
4
69
95
7
40
70
6
72
55
11
63
85
99
57
2
16
60
94
62
29
56
71
48
87
96
82
63
24
27
44
86
97
19
5
26
86
18
6
30
14
84
3
80
47
10
22
59
25
45
70
78
35
65
48
72
35
78
24
65
26
66
76
60
27
86
24
32
39
75
44
95
10
16
94
38
20
22
10
63
55
95
58
25
59
35
66
87
99
95
27
99
98
33
86
46
4
20
40
6
35
47
60
34
42
10
19
94
86
58
18
18
99
2
46
9
14
10
28
32
58
75
19
79
48
74
54
38
89
39
32
50
9
58
9
36
95
16
99
47
70
58
37
5
6
56
99
1
19
5
15
97
9
86
4
76
4
73
25
88
47
50
37
67
34
35
79
77
38
96
61
23
19
94
77
47
65
11
53
5
23
76
3
48
57
98
97
54
23
59
5
22
24
41
45
22
13
96
20
36
4
52
44
65
8
78
36
63
17
58
32
97
33
80
14
50
32
37
8
10
41
62
94
75
99
43
47
65
69
17
51
87
66
67
7
79
13
94
7
12
20
38
7
45
52
24
56
38
78
51
78
58
39
10
6
95
24
100
68
48
40
80
42
61
21
76
52
26
9
76
63
95
37
41
28
95
37
75
96
38
15
33
44
73
28
57
37
91
89
53
31
24
75
5
27
25
1
62
90
12
10
45
42
47
100
20
54
97
18
95
78
8
2
50
43
29
8
52
29
86
86
89
57
43
100
19
43
93
78
65
93
64
46
34
28
85
43
60
28
7
47
