46
13
50
100
10
36
77
4
30
14
32
51
10
22
86
51
16
12
73
63
82
86
34
17
84
85
100
67
74
53
41
28
38
33
44
11
77
98
74
99
81
35
51
99
70
61
79
35
94
82
33
8
32
73
93
81
58
3
88
32
52
66
22
55
19
55
13
10
80
6
90
12
31
7
92
22
84
55
69
21
12
76
87
95
89
70
26
62
26
17
34
99
42
84
30
34
90
18
73
35
42
83
73
83
36
81
64
33
47
40
84
66
18
2
22
1
35
70
31
20
24
91
32
87
79
50
28
25
56
51
64
58
60
63
54
8
96
10
74
30
7
91
74
63
16
78
75
71
98
34
85
16
64
86
15
9
55
14
76
42
78
27
73
100
73
4
57
91
85
94
25
99
5
22
35
62
82
83
59
88
4
77
84
64
96
98
54
25
42
89
25
74
39
42
70
52
70
29
73
41
96
49
15
97
40
16
67
69
46
86
50
8
1
23
4
87
45
71
47
60
22
64
7
1
69
46
96
38
18
6
36
37
20
42
55
86
37
98
37
41
7
57
55
91
71
2
17
64
34
44
62
12
54
46
72
84
19
63
64
56
9
21
72
12
59
18
12
90
42
12
65
90
2
84
68
6
29
90
4
9
29
64
58
51
66
36
39
40
38
88
4
82
43
95
14
10
25
53
11
18
73
5
76
53
20
94
78
87
48
48
34
48
59
15
79
48
44
84
59
56
75
44
52
24
29
94
88
44
86
91
78
86
13
7
26
20
77
41
38
1
72
2
61
19
57
31
96
4
41
4
57
16
87
59
64
48
75
80
62
37
1
97
6
41
63
19
54
20
66
29
79
32
87
37
50
28
91
78
88
13
88
99
68
3
62
44
72
18
5
47
47
21
18
40
85
42
98
67
32
77
20
60
69
54
61
16
35
99
75
41
17
30
79
19
64
57
53
29
61
90
38
89
48
6
1
35
88
17
31
22
82
61
35
72
36
2
79
21
80
94
92
33
26
61
58
19
52
49
10
77
6
12
6
86
76
3
93
79
45
79
47
59
13
26
8
68
52
51
93
92
74
2
27
21
2
28
36
11
83
65
45
84
23
36
24
79
1
89
3
99
24
93
39
2
28
95
91
23
39
15
82
5
24
53
2
80
41
86
43
47
80
86
18
81
81
72
22
20
2
19
89
4
78
75
89
4
53
41
100
16
25
67
26
76
64
69
16
70
100
94
91
31
33
10
70
87
85
6
55
84
27
67
80
8
50
86
59
79
94
43
85
17
81
64
14
8
71
45
85
9
26
53
67
38
94
7
76
63
88
100
95
50
31
72
55
72
45
77
60
88
67
67
33
19
67
89
3
72
62
58
17
84
80
4
63
68
47
94
93
4
91
96
7
42
54
9
48
46
83
58
27
4
24
81
53
57
10
20
86
3
84
18
14
48
89
50
85
25
87
63
34
97
35
30
21
44
53
60
55
13
19
63
91
11
48
61
3
22
59
50
79
52
10
81
22
36
43
40
67
90
33
39
85
52
77
3
51
62
32
48
86
36
81
12
50
41
2
8
54
29
31
32
83
22
40
31
61
52
91
18
8
4
49
2
5
12
56
23
72
49
13
35
17
100
71
45
47
100
7
40
54
12
33
64
36
97
97
16
5
77
96
82
43
76
14
60
3
48
32
71
7
67
58
56
66
41
15
66
19
70
85
50
61
85
76
43
7
90
8
7
4
6
20
62
58
67
17
67
54
32
72
12
74
68
88
54
87
51
9
18
31
55
27
63
78
38
77
6
77
89
69
39
30
76
25
28
48
17
56
20
45
28
69
88
63
40
26
26
8
13
86
16
49
48
13
100
36
20
72
66
4
3
27
93
42
3
61
85
26
28
98
43
73
65
69
55
3
27
21
45
45
73
38
75
51
68
36
47
1
48
79
80
1
30
28
85
87
76
41
67
12
31
12
100
69
32
73
27
66
70
51
35
59
52
97
66
35
57
88
13
49
32
29
51
1
20
16
64
23
76
10
86
54
16
27
26
85
76
67
100
47
53
96
98
55
6
45
51
41
69
50
43
69
91
61
21
43
96
69
71
14
61
18
79
34
20
75
53
38
100
52
26
100
15
77
74
22
75
52
90
28
44
40
8
33
38
70
39
67
12
91
14
18
50
54
78
70
50
36
45
70
69
100
100
63
91
87
68
16
31
51
75
10
33
57
13
84
65
1
94
72
54
10
60
45
86
81
9
95
55
94
33
42
49
60
49
22
17
19
90
94
81
49
56
52
69
2
38
64
60
6
42
58
46
72
73
96
61
9
54
64
90
41
22
87
25
77
34
37
5
86
47
77
40
8
43
29
100
1
76
70
43
93
72
19
73
64
64
21
49
97
12
77
50
12
40
52
27
42
5
94
27
83
76
10
48
43
89
87
31
54
43
79
93
47
7
58
6
59
97
93
48
53
77
1
13
4
49
69
52
69
83
14
71
29
31
70
45
83
16
40
29
98
33
76
7
47
21
97
26
96
39
30
86
9
78
80
95
61
25
45
25
59
67
52
7
50
15
10
66
62
23
1
68
86
77
3
17
72
92
60
40
79
84
43
92
63
78
34
63
10
61
77
14
79
16
57
61
41
84
66
2
9
34
84
58
41
95
68
92
39
45
41
65
100
54
9
100
3
11
19
90
50
16
61
52
29
73
89
71
38
41
100
73
7
40
54
14
87
16
27
10
23
67
56
33
85
30
51
15
52
3
88
27
17
36
5
19
95
66
79
21
82
53
26
23
18
32
55
33
89
42
39
48
22
74
71
74
24
90
20
76
63
62
88
70
42
31
92
48
10
46
27
47
64
59
64
90
84
30
36
68
98
30
18
77
34
73
44
37
80
55
53
72
62
86
23
74
28
88
9
34
51
25
77
50
56
4
97
80
55
92
81
87
1
21
63
2
73
24
21
81
38
92
13
80
87
5
87
30
5
11
32
44
45
21
45
73
24
99
70
18
34
63
66
6
75
40
30
95
13
25
54
43
18
86
44
56
73
79
34
30
56
91
13
53
16
95
85
40
18
80
41
49
79
78
26
15
25
69
11
44
79
31
41
99
82
7
54
97
92
74
37
43
13
88
39
11
87
26
60
58
62
84
18
25
72
12
69
22
54
18
24
43
67
100
12
53
66
88
51
37
16
50
36
42
91
28
99
85
19
70
94
4
27
65
99
11
41
89
8
42
87
13
77
56
42
88
13
4
94
72
64
35
41
92
44
31
80
17
39
41
71
81
53
20
29
63
25
21
79
22
91
98
95
13
90
74
39
24
66
40
64
10
23
9
79
64
77
15
1
18
91
96
10
31
15
56
21
4
39
18
43
83
47
17
93
89
89
40
42
45
21
8
95
9
27
32
46
28
92
41
1
92
85
56
52
55
18
12
9
91
62
51
76
28
31
100
73
89
73
89
84
15
15
70
55
14
8
99
54
53
24
35
95
24
59
65
53
14
54
2
86
23
32
55
20
13
2
32
78
31
38
20
93
62
28
91
82
71
27
58
27
19
23
21
76
19
46
5
77
82
29
22
21
18
73
32
11
97
88
34
75
24
82
88
1
96
66
36
100
82
91
5
44
21
5
33
13
40
43
34
36
93
93
61
72
95
99
67
16
38
41
29
34
78
70
85
33
92
77
83
86
11
63
48
73
73
26
99
38
90
96
21
93
71
1
90
39
97
46
38
71
49
52
39
54
24
13
81
63
68
85
8
18
80
92
30
90
30
30
26
6
60
21
47
46
50
17
3
87
39
94
22
81
55
35
90
56
65
54
42
8
24
15
22
74
94
1
84
97
45
15
96
18
58
10
94
51
62
47
8
90
58
92
2
16
33
46
69
90
36
76
60
89
94
49
84
58
92
83
93
60
87
31
7
55
93
3
74
1
95
44
69
43
28
55
48
20
39
80
100
35
17
24
29
47
14
79
1
9
72
95
27
87
33
67
66
64
44
62
66
19
96
16
67
4
59
67
44
69
18
66
92
4
84
42
74
77
28
93
88
84
81
70
70
29
62
11
47
35
24
37
85
3
36
64
27
52
54
8
36
4
58
46
20
56
27
85
58
60
77
99
58
20
7
79
77
55
64
7
12
90
57
40
4
39
29
2
26
8
14
61
18
26
27
49
4
30
25
70
8
31
73
52
53
35
71
12
51
49
97
43
23
76
52
93
74
62
84
55
44
98
78
20
7
61
29
58
25
68
31
23
92
9
13
32
2
57
37
20
40
88
12
34
80
30
65
48
89
84
86
40
51
12
79
54
61
49
15
89
84
56
73
36
49
40
18
86
9
99
76
89
28
3
21
62
50
24
52
87
96
18
74
64
52
14
38
33
26
73
55
5
28
1
31
77
85
66
81
44
64
68
80
26
68
55
63
64
26
35
30
9
41
67
7
2
40
8
33
55
31
68
10
9
77
66
81
90
17
41
14
23
24
10
18
27
20
99
48
35
42
21
86
85
39
17
73
94
43
39
98
89
50
78
55
60
33
27
18
82
77
50
64
100
13
13
55
76
89
84
34
15
50
18
48
35
53
50
53
1
66
98
30
87
56
96
83
66
66
54
98
83
30
53
4
86
61
6
15
38
19
60
72
34
90
20
89
9
21
26
31
15
19
98
45
3
47
74
77
40
49
22
85
73
77
61
69
99
62
23
69
100
79
32
9
95
5
40
31
60
30
63
83
15
51
100
50
98
74
51
55
18
27
56
66
62
22
11
8
24
93
88
94
83
91
43
76
47
74
41
89
20
36
70
38
37
54
88
26
80
26
21
61
36
45
21
100
11
31
32
92
39
19
18
89
81
18
38
86
77
75
62
33
23
38
52
46
38
100
80
51
63
38
63
98
19
16
23
46
83
1
37
86
89
16
76
34
31
20
9
40
83
67
63
33
68
72
18
13
24
65
26
80
14
2
11
18
60
65
45
76
34
29
91
2
68
6
85
29
30
44
79
95
21
42
62
80
87
9
37
16
97
80
97
93
25
82
97
63
54
40
43
88
37
18
29
30
11
32
9
20
87
58
5
9
46
99
1
47
87
41
40
15
30
57
40
61
83
75
93
22
16
9
72
80
40
97
4
4
22
92
55
80
34
40
14
10
24
62
74
75
85
48
4
47
86
87
26
87
98
55
62
25
63
67
14
81
4
20
100
45
44
80
39
17
62
81
74
27
46
16
65
56
18
28
15
68
59
58
31
8
27
10
75
11
21
8
64
96
97
9
21
96
51
63
7
69
87
79
79
75
51
97
83
92
41
94
16
30
44
90
14
63
95
72
17
36
95
49
41
47
40
33
39
20
92
31
19
58
28
74
81
23
46
50
5
79
5
87
55
11
31
50
36
5
14
79
13
89
46
46
87
42
13
77
76
42
31
54
28
91
2
46
18
81
88
40
6
28
52
74
1
11
56
83
91
100
18
90
17
50
53
9
75
84
20
22
45
16
33
49
84
77
58
48
85
44
34
55
27
15
99
10
92
31
28
23
45
7
4
52
6
92
64
50
75
41
44
63
93
8
100
99
95
7
37
72
70
28
88
81
26
34
6
31
24
28
24
94
87
64
23
78
43
35
85
60
20
86
62
62
14
78
2
57
17
86
24
37
26
83
54
6
5
29
13
8
7
100
2
60
82
48
39
98
68
27
96
47
93
22
95
66
78
54
20
17
70
30
15
12
13
58
73
61
9
52
60
35
12
99
16
32
69
69
53
90
89
25
49
49
32
89
56
47
81
49
7
24
64
51
84
79
98
5
92
70
29
24
26
4
6
13
25
80
5
15
78
59
66
21
31
74
61
23
40
20
68
41
88
70
100
83
48
28
58
50
91
62
91
84
83
39
92
54
12
40
47
64
81
58
99
2
33
73
92
17
40
77
93
46
79
89
32
30
72
4
67
66
66
87
86
73
31
29
67
91
24
60
54
7
82
10
86
8
94
88
87
23
25
35
92
15
98
7
25
12
8
52
73
83
35
20
89
69
74
2
17
57
76
10
16
81
91
19
35
44
56
26
18
32
92
48
26
90
91
84
21
92
30
60
1
41
28
44
42
38
36
23
67
35
17
5
64
62
96
45
21
97
72
59
62
97
14
69
41
14
9
44
21
87
62
29
8
59
10
61
27
29
20
42
14
86
77
11
96
63
24
34
19
15
67
57
38
52
27
55
54
15
8
10
92
38
62
61
79
7
91
68
80
99
60
87
43
52
43
14
55
21
13
10
37
75
93
63
58
40
87
20
79
30
61
56
1
100
25
96
82
37
40
2
65
20
52
58
44
59
8
17
100
6
56
44
89
67
86
39
54
1
99
46
14
23
42
95
85
98
37
64
28
82
90
32
10
20
85
41
79
4
92
74
37
100
35
100
11
74
10
18
90
83
64
37
38
81
33
53
73
73
68
51
61
94
33
11
81
21
58
30
59
12
45
67
29
100
63
61
76
87
71
6
27
41
54
42
93
11
18
13
67
74
19
9
32
92
53
67
25
87
11
54
5
17
93
78
86
56
40
35
75
87
98
76
35
19
28
10
33
40
49
40
79
16
19
15
37
58
28
33
49
32
68
77
76
62
50
33
94
23
76
100
31
62
91
22
40
31
40
90
74
92
46
54
70
34
55
43
34
33
15
20
7
82
43
75
89
100
23
85
81
14
22
83
37
43
78
30
20
19
63
71
17
47
48
96
35
96
6
70
74
69
51
28
28
77
8
53
65
65
33
68
37
8
87
47
78
94
19
34
21
97
51
40
44
41
70
91
16
35
10
67
8
39
89
79
53
18
33
41
89
12
57
17
71
97
60
13
99
47
29
25
19
7
7
80
78
9
67
93
27
90
78
23
83
84
31
2
42
42
61
2
64
68
89
15
45
16
98
59
78
35
73
75
76
60
61
80
56
81
3
46
47
45
97
34
5
67
60
15
5
50
82
59
69
14
96
88
6
13
87
45
17
19
46
1
81
60
40
23
71
9
17
38
36
97
46
2
49
34
70
41
87
51
6
10
55
5
96
98
54
67
8
90
14
44
68
47
69
60
45
4
71
19
51
70
40
56
79
80
35
18
17
86
60
14
1
34
57
81
100
20
6
52
30
15
65
54
5
50
92
43
45
14
26
7
24
59
93
33
85
6
55
68
78
41
86
76
65
26
81
93
41
64
99
73
93
26
40
49
25
2
64
34
39
56
91
95
83
87
90
51
29
88
24
69
61
72
87
63
31
48
66
16
55
6
85
89
48
98
9
95
67
28
62
66
93
78
15
87
83
9
64
63
1
51
48
80
45
26
14
36
58
1
14
24
78
100
57
43
88
42
81
92
37
25
79
94
66
76
28
4
27
60
47
28
28
67
79
47
22
61
61
65
4
69
47
34
57
40
93
58
85
32
67
50
5
33
17
69
91
76
70
37
29
63
24
23
62
54
67
93
48
85
68
56
12
17
1
64
11
94
53
62
35
100
71
70
65
51
72
45
60
34
73
78
71
70
9
39
59
36
34
18
24
49
90
48
37
58
87
23
1
7
11
49
81
74
34
60
87
78
57
16
62
85
55
76
84
67
91
80
83
4
94
82
62
82
63
96
94
36
34
18
40
27
54
12
95
67
69
45
64
45
56
68
42
91
44
41
81
98
81
96
97
64
67
74
9
99
30
63
12
46
18
77
14
44
3
51
24
76
7
85
4
44
32
35
51
18
96
27
44
50
87
88
89
66
13
12
70
67
88
99
26
32
60
32
37
88
3
57
11
75
56
36
34
69
34
2
59
93
35
19
25
64
94
46
98
1
14
57
93
64
44
91
81
77
53
69
59
41
84
4
31
97
70
89
99
67
98
75
96
45
60
48
20
39
2
1
22
25
55
81
48
54
100
27
100
46
23
57
34
44
19
54
4
66
55
59
79
71
97
30
1
19
18
88
95
60
37
21
2
31
14
95
22
2
13
47
98
19
93
28
92
64
47
93
55
18
30
15
19
14
85
93
58
40
17
30
70
60
50
49
78
83
15
49
51
52
65
9
34
28
5
43
3
94
34
37
62
61
27
63
57
70
34
95
18
14
12
65
81
15
39
66
15
55
1
86
65
47
36
75
54
90
98
55
52
56
71
60
50
41
11
29
35
46
37
86
99
15
60
19
16
55
39
99
19
62
27
41
20
45
47
63
72
81
16
95
16
4
4
95
46
12
2
13
13
17
22
20
11
6
98
59
80
44
5
24
8
96
91
35
13
27
52
35
75
56
36
66
12
90
76
23
56
5
43
7
34
17
33
23
92
71
99
72
51
69
53
88
8
66
85
40
2
64
31
84
12
48
2
43
3
96
73
83
73
44
17
97
28
95
70
45
24
1
28
12
75
32
69
59
90
73
23
22
14
33
95
12
60
45
91
68
87
42
65
39
38
75
50
11
56
72
78
7
62
85
94
86
95
25
3
24
22
47
96
50
72
98
64
45
80
70
9
29
6
87
62
66
57
11
87
13
36
62
61
100
1
82
84
1
69
83
77
35
1
83
12
82
44
56
28
13
57
60
64
50
97
44
7
85
1
87
71
38
92
24
19
2
56
79
42
65
13
7
65
54
68
38
38
60
41
92
52
35
56
42
92
69
15
83
64
21
14
31
64
95
57
37
48
22
41
3
77
52
65
49
72
86
48
53
46
82
17
21
65
26
55
5
9
11
35
95
15
33
47
70
85
9
77
60
92
44
34
46
83
79
46
42
36
63
49
59
15
55
81
16
47
51
72
66
53
76
29
51
44
4
69
32
21
47
69
97
97
55
99
7
28
22
43
29
36
97
27
65
69
91
14
99
96
22
45
36
9
32
97
59
100
20
95
9
48
97
46
35
29
13
95
10
69
33
82
78
99
85
18
14
22
46
21
11
50
80
18
33
8
70
5
9
38
87
73
13
64
77
24
21
43
81
62
18
91
93
1
26
4
37
46
81
14
44
32
46
6
66
92
7
22
9
57
61
29
2
96
25
99
15
15
100
28
40
18
95
98
72
58
76
26
94
99
85
87
91
96
10
66
1
