57
28
76
62
54
69
84
4
89
60
63
75
34
12
33
95
18
28
79
68
62
76
84
88
57
61
58
13
1
28
46
34
56
30
3
35
22
30
28
50
62
46
42
69
49
89
89
31
73
97
72
11
63
40
99
70
87
78
18
44
96
75
63
62
14
60
81
74
17
99
12
8
46
84
26
70
43
33
90
68
100
18
63
82
82
30
91
72
92
75
21
78
57
20
66
68
11
73
97
58
76
94
14
7
2
42
25
37
38
18
38
60
27
91
4
72
20
58
8
74
92
12
29
69
42
70
40
25
94
62
27
76
14
37
6
28
61
73
12
49
56
71
17
42
6
96
31
87
70
35
32
69
11
72
17
28
89
66
64
75
27
51
63
86
20
2
25
52
1
89
79
46
20
38
31
1
34
52
99
54
63
24
85
88
39
68
84
62
59
82
18
89
59
59
35
39
42
89
10
47
77
49
46
47
58
32
39
50
68
44
100
24
74
76
68
40
94
18
52
7
27
38
14
95
55
90
1
70
44
52
39
22
98
68
94
86
17
33
66
22
14
41
66
61
32
47
5
92
53
21
40
3
49
80
88
33
11
96
83
61
95
24
66
76
86
96
51
19
36
35
79
93
96
71
58
83
32
5
20
52
92
62
65
70
36
72
75
23
42
60
35
48
36
12
15
31
37
24
19
78
48
14
7
45
44
37
82
22
23
83
21
100
63
66
18
6
17
60
60
31
46
21
81
48
3
65
27
85
74
25
34
28
30
1
96
4
70
38
24
89
64
9
99
27
77
61
18
8
49
14
31
70
87
60
61
29
63
95
89
16
67
98
19
60
48
17
2
85
34
39
85
59
4
48
5
10
64
77
89
40
12
50
13
46
67
1
51
19
26
52
28
19
40
2
4
37
34
62
48
96
63
97
74
28
53
98
33
94
4
99
84
33
19
51
2
97
56
83
22
90
55
21
34
72
68
27
62
50
23
82
47
7
93
85
41
19
72
60
80
51
60
31
8
72
26
40
81
30
28
16
55
27
9
42
62
30
80
44
59
88
13
44
84
47
63
9
41
43
59
32
52
72
2
41
34
48
47
84
92
4
19
84
66
73
33
71
80
64
37
50
85
49
64
6
15
25
22
81
83
86
2
44
52
99
89
57
53
13
79
92
98
73
10
93
23
69
51
37
74
13
5
91
60
19
40
79
89
15
76
21
18
26
21
76
100
23
46
71
65
70
13
77
34
10
79
72
20
7
65
81
56
22
51
100
65
66
93
75
23
77
22
78
74
64
42
35
21
91
10
1
36
94
47
23
12
54
47
99
90
25
68
23
90
30
25
66
57
37
9
99
84
32
1
9
81
36
48
14
67
42
53
93
5
63
96
95
52
73
62
85
42
25
57
49
50
48
66
92
11
57
72
57
80
23
40
48
52
9
75
99
83
17
1
16
93
52
46
28
53
14
13
1
32
41
20
67
55
20
13
34
61
17
25
41
39
74
51
27
63
48
80
16
61
21
3
76
54
70
83
51
38
29
34
73
75
45
54
61
85
21
73
33
71
94
31
91
3
74
16
54
40
68
33
35
47
11
80
54
55
93
86
80
43
88
85
26
35
96
24
43
100
15
86
68
55
85
11
70
40
29
90
34
34
48
68
62
94
97
55
23
58
58
26
5
92
20
20
67
17
25
93
14
89
24
53
38
35
5
36
81
84
53
57
82
65
34
68
26
50
20
66
6
41
40
66
16
40
15
48
70
49
82
15
38
63
40
39
74
80
79
50
36
38
69
11
77
64
12
73
10
3
39
57
21
77
70
69
44
38
90
57
46
9
16
61
17
80
5
20
45
60
48
47
15
41
93
19
32
75
1
47
93
25
58
50
41
82
19
56
87
70
25
89
54
13
2
51
6
53
48
59
44
73
20
69
85
30
68
23
78
22
96
82
61
22
32
73
12
12
31
4
50
7
77
61
63
75
78
87
87
69
82
41
36
72
95
42
67
16
60
87
28
17
33
4
82
70
48
6
4
18
45
81
4
77
51
87
91
6
14
33
67
79
44
47
64
41
30
18
47
19
13
64
26
91
94
95
80
9
69
44
2
42
13
80
67
5
37
58
63
86
78
67
86
41
65
63
76
32
12
24
88
13
61
58
96
58
19
60
6
53
97
43
12
8
7
24
18
17
8
90
51
95
33
87
89
3
99
60
98
62
81
83
60
8
85
34
49
2
4
5
68
20
58
32
65
39
70
9
97
94
54
85
51
30
34
28
92
35
19
45
83
50
50
42
96
70
47
90
61
14
81
23
40
46
15
66
65
26
9
38
61
68
2
8
70
58
32
90
48
8
35
49
44
51
17
33
68
9
23
78
84
24
99
55
38
69
17
45
46
28
74
98
66
33
45
41
16
100
76
80
28
29
57
47
86
40
21
87
59
8
42
19
13
93
30
17
19
87
77
79
74
57
33
26
4
48
91
62
61
69
87
90
96
24
79
29
73
82
70
9
74
37
48
91
72
56
62
71
16
74
22
16
78
41
97
60
19
68
4
92
86
27
84
78
22
27
86
67
91
15
12
30
55
71
47
12
91
68
14
93
9
35
26
53
27
37
98
5
92
80
82
28
49
14
26
85
79
20
87
64
87
17
39
83
62
41
60
43
78
70
93
62
96
77
94
29
71
56
71
9
99
49
78
69
6
3
34
57
90
60
16
22
83
74
87
16
69
17
55
51
97
24
87
17
13
15
59
12
66
47
53
75
84
58
6
77
3
1
16
23
9
72
35
25
10
99
40
73
96
6
94
15
37
27
45
1
75
37
17
96
97
94
75
30
61
28
47
36
58
66
40
97
19
96
46
89
42
43
22
8
85
84
52
57
84
38
54
89
67
29
37
57
67
57
29
39
15
80
46
70
82
44
44
48
19
31
73
85
69
37
57
8
72
41
51
65
49
8
98
79
48
21
18
2
54
58
69
37
83
40
81
12
61
40
100
23
70
4
63
7
58
4
48
43
73
55
99
19
7
39
55
80
13
94
18
16
51
63
88
75
80
18
85
47
39
72
14
51
14
87
56
9
43
24
78
50
95
88
5
73
57
32
10
38
10
61
96
47
20
61
89
81
73
63
53
55
4
55
64
13
62
14
79
29
91
91
30
28
29
71
58
96
41
79
91
59
61
83
100
54
57
71
96
5
28
34
1
88
39
21
85
42
17
38
98
91
20
35
62
61
90
19
12
87
7
5
92
72
29
38
8
20
89
79
61
2
92
63
64
79
5
97
20
55
14
79
14
85
35
26
33
34
87
99
30
71
16
15
85
40
11
75
12
82
28
86
89
91
60
39
51
28
67
68
18
36
23
29
60
25
28
48
98
89
73
61
14
98
49
84
53
52
65
61
45
44
35
73
16
84
95
69
53
74
28
65
49
8
32
50
21
63
11
40
44
26
4
43
14
32
32
14
45
58
53
43
67
20
1
94
51
59
10
93
60
93
33
19
16
23
86
91
28
28
14
16
37
1
52
29
17
66
37
99
84
73
70
51
39
43
82
82
39
27
87
78
23
27
43
30
21
57
92
79
51
36
74
65
17
18
81
94
11
70
73
52
98
40
30
60
25
1
80
84
85
25
58
77
64
37
77
6
80
64
42
91
48
23
32
60
4
70
33
93
94
61
71
29
81
36
75
22
43
36
64
88
24
71
89
50
31
97
38
96
47
82
98
57
98
38
36
95
33
56
93
1
29
43
55
19
28
74
28
54
17
10
82
53
59
91
46
45
2
46
57
45
69
36
36
57
28
2
73
80
90
39
48
28
69
96
62
70
89
45
65
84
62
34
39
31
14
33
32
7
90
7
53
11
53
55
69
50
60
59
37
53
2
4
35
59
35
53
86
35
40
87
29
35
12
83
66
15
59
77
33
24
11
22
17
44
8
83
1
13
47
90
72
85
16
15
16
71
34
51
12
3
20
9
93
33
55
7
60
69
72
72
62
84
73
78
40
15
31
66
69
41
68
92
96
26
62
76
22
38
5
22
69
43
68
40
45
43
27
71
24
66
11
11
52
88
62
80
18
48
23
80
100
73
68
19
35
100
38
22
95
63
17
9
24
67
5
89
56
16
37
42
67
88
39
18
7
90
59
36
62
16
20
42
85
42
4
90
74
42
87
33
92
30
37
2
85
36
21
79
79
20
32
18
99
73
39
14
80
65
97
28
36
33
71
81
65
52
10
76
55
29
48
70
99
83
35
98
49
94
72
89
62
79
25
74
8
89
76
53
50
25
100
79
63
99
56
28
11
2
58
22
50
83
29
30
85
53
76
34
38
40
73
63
47
71
54
96
26
58
86
17
74
26
67
52
84
33
29
10
44
65
46
13
57
38
49
87
100
59
44
14
17
34
30
98
27
93
12
85
85
8
85
87
35
80
54
89
98
59
65
23
18
2
32
91
64
80
51
71
60
66
84
9
63
66
53
50
24
83
88
41
81
27
54
73
40
11
37
87
58
34
35
31
54
91
85
55
3
36
97
19
72
33
32
97
93
62
78
92
90
83
69
85
65
11
83
1
47
17
74
71
85
64
49
73
66
39
65
19
72
4
52
92
81
63
37
53
54
3
72
62
17
10
100
93
43
80
3
48
91
18
61
86
10
97
79
54
8
93
44
11
38
66
74
51
30
71
57
67
94
84
9
49
58
81
83
22
67
14
87
21
76
66
34
11
8
62
38
10
72
74
75
18
58
82
94
15
60
22
78
47
30
8
79
43
72
4
31
8
15
60
31
7
49
49
49
2
30
14
56
62
61
33
75
50
26
3
12
57
13
81
37
49
31
8
41
43
24
10
26
87
29
100
2
14
7
44
10
17
49
92
18
100
50
35
71
17
71
98
78
47
47
53
60
88
45
61
50
4
100
23
27
78
28
8
75
85
48
92
93
44
56
39
38
83
12
64
97
56
78
86
43
60
63
29
41
76
60
77
75
3
27
5
14
41
64
63
88
91
72
21
37
56
25
82
82
46
27
11
72
91
45
35
88
29
21
89
48
24
52
57
43
53
11
58
22
6
62
70
100
44
40
72
13
45
44
89
34
94
60
46
29
55
85
63
28
59
76
65
81
71
43
82
23
37
30
54
9
22
79
76
25
82
89
99
76
4
15
57
70
63
22
40
17
47
92
81
77
48
53
2
24
70
99
99
13
38
12
82
94
58
70
87
38
51
62
19
7
84
95
31
35
16
38
39
100
73
85
21
100
76
97
20
86
73
67
32
35
68
19
86
99
61
14
50
85
32
41
85
52
45
76
38
24
71
8
93
58
84
11
55
97
99
73
76
59
54
37
27
57
14
95
72
2
93
92
15
63
43
96
23
97
29
70
89
16
59
32
2
24
2
62
53
12
82
33
41
74
32
88
9
57
60
84
100
73
96
19
62
90
52
88
93
31
12
66
41
58
52
52
42
29
52
68
14
47
43
86
54
16
89
62
100
73
73
89
93
99
18
46
30
57
85
28
49
94
61
86
40
34
94
91
78
100
89
50
44
45
64
71
89
3
25
35
98
86
12
56
31
54
4
29
84
68
54
94
32
64
85
51
77
45
82
54
91
24
64
20
56
38
9
85
20
9
87
22
98
67
4
74
57
97
60
63
94
36
79
97
47
100
20
68
6
36
90
75
70
43
47
38
77
2
29
20
47
14
25
77
60
2
8
15
81
48
68
78
37
62
30
58
76
41
33
35
100
40
15
18
3
87
11
84
16
92
16
74
82
74
54
89
9
59
12
96
21
11
87
70
32
89
89
57
18
94
23
30
19
96
63
6
6
29
1
7
3
13
97
41
25
48
47
87
82
67
5
90
98
84
6
71
69
39
49
47
77
92
70
34
3
76
69
64
58
49
15
77
37
8
73
11
10
66
43
48
14
58
62
40
94
9
6
42
37
60
16
15
68
15
20
56
99
5
79
10
8
54
9
20
60
79
85
99
52
56
77
77
97
61
17
67
57
47
91
69
50
93
10
61
75
44
53
92
39
1
78
74
43
24
11
64
93
88
33
96
2
75
55
59
94
17
51
99
6
62
62
24
77
10
60
28
53
80
66
20
96
64
46
59
16
38
78
7
19
77
19
53
16
40
69
40
3
1
45
32
70
39
94
49
28
53
12
1
31
38
18
61
36
9
53
15
20
92
3
57
2
79
23
39
86
87
13
41
44
38
17
59
56
57
32
3
24
42
59
48
53
72
81
88
20
38
29
7
94
39
16
50
87
68
39
81
95
8
46
45
98
65
90
1
14
90
33
78
37
23
27
32
26
25
58
71
10
59
42
19
53
83
38
37
93
47
41
18
67
34
56
57
6
48
71
31
79
11
79
44
44
18
55
93
54
77
47
63
99
73
98
71
81
42
15
39
13
13
49
82
85
10
9
41
31
24
100
85
48
82
32
27
48
27
58
88
53
14
19
36
65
4
18
89
76
31
18
48
32
69
15
12
97
40
5
39
22
45
50
81
45
50
3
82
72
76
74
67
97
53
32
94
2
65
50
12
88
28
32
88
33
79
37
22
42
60
31
61
8
31
60
59
43
6
96
80
20
4
45
53
6
53
42
83
66
70
93
2
61
79
45
25
13
56
92
87
60
49
51
79
46
44
36
1
34
43
40
59
12
21
89
48
30
27
81
21
66
34
98
71
36
36
90
20
42
96
88
25
82
88
12
61
91
48
87
20
81
16
84
93
46
12
11
14
10
37
65
30
33
38
93
82
67
89
88
96
77
83
61
89
26
24
81
45
36
69
3
67
57
57
67
55
56
46
63
77
22
69
33
5
1
97
2
40
64
43
67
16
89
44
13
28
97
15
12
27
33
72
80
87
70
45
54
52
77
35
16
67
64
46
84
42
88
9
39
5
68
69
76
42
23
5
42
46
83
62
47
58
55
57
34
42
86
38
81
13
98
49
13
41
64
35
55
2
95
12
98
53
41
12
98
97
11
72
58
8
36
66
82
80
54
71
82
40
15
64
22
83
49
15
79
66
36
44
26
45
70
80
85
11
89
90
14
69
38
30
61
65
14
62
88
95
24
59
91
72
55
57
5
42
59
100
84
95
86
52
84
82
38
25
59
70
4
55
47
26
2
96
34
27
42
90
24
51
94
1
30
63
11
83
33
64
86
97
36
51
41
13
47
19
47
61
95
31
15
4
97
25
48
79
80
74
75
90
87
34
33
87
50
84
41
64
5
73
43
31
27
94
53
30
65
88
80
15
53
97
58
77
35
94
40
49
86
24
33
5
31
36
4
37
58
82
74
97
11
63
41
24
53
84
82
86
11
16
13
27
22
63
3
74
68
12
71
32
49
66
24
86
18
2
53
58
13
41
85
30
39
9
7
46
68
80
25
34
2
13
64
71
18
63
73
72
28
32
8
47
20
25
3
95
39
18
33
1
91
80
46
78
18
59
80
77
63
62
19
78
47
78
52
32
94
64
66
62
84
88
45
53
38
69
87
24
25
64
33
2
64
48
4
12
55
49
23
28
2
34
66
37
88
70
12
65
95
23
70
26
84
89
48
9
44
69
75
17
89
41
42
90
89
72
93
59
46
29
27
94
63
66
11
98
19
27
73
75
32
71
58
61
9
30
14
42
83
63
54
18
58
77
75
34
32
9
12
88
74
87
46
91
88
54
94
38
46
19
69
46
84
6
23
31
21
97
75
96
28
16
10
29
98
83
94
10
100
35
67
61
65
31
47
31
60
56
71
87
44
19
30
48
52
83
70
12
43
81
67
15
27
33
76
22
7
5
95
19
24
85
76
56
31
77
28
59
97
50
43
81
99
49
94
92
8
100
49
96
74
21
96
60
80
2
10
75
4
80
69
39
27
72
33
46
86
45
96
48
23
62
15
95
49
75
21
28
79
51
86
3
40
23
32
19
48
24
35
54
7
90
43
4
55
12
87
38
31
69
73
34
42
63
30
55
59
68
82
47
15
32
66
38
26
14
27
45
12
94
36
27
60
19
78
29
78
94
46
14
27
63
69
11
77
73
39
79
99
30
13
53
96
2
61
97
29
91
7
77
93
73
91
76
52
82
100
16
6
21
4
63
43
37
47
50
32
36
85
77
2
3
64
44
76
63
80
7
100
69
83
97
25
29
86
71
30
82
43
87
91
21
22
87
72
88
24
60
79
71
71
59
5
11
49
100
67
61
56
66
8
55
43
25
26
9
76
11
58
98
64
100
44
38
68
52
81
93
92
14
33
77
38
76
32
44
63
99
43
97
93
82
19
97
10
91
2
82
93
56
18
45
9
4
9
23
85
60
20
31
81
99
58
63
42
90
31
77
17
60
55
28
28
37
81
61
42
42
64
1
3
56
47
97
60
15
49
94
61
94
66
73
82
13
56
67
43
95
62
82
73
9
51
6
9
90
11
52
24
44
68
71
19
8
15
78
11
21
18
79
50
64
15
15
6
8
98
32
78
88
70
81
90
67
58
37
1
84
1
1
27
13
89
56
69
73
47
7
58
66
49
26
48
75
39
52
49
69
2
1
49
55
5
2
45
1
7
46
40
41
83
45
65
25
47
60
52
57
57
9
27
33
31
85
36
93
69
85
26
98
17
62
59
71
37
68
3
28
40
35
31
50
96
25
86
42
37
7
80
17
81
76
24
28
44
82
38
67
89
34
96
26
66
58
25
38
17
49
45
74
51
39
52
33
73
14
1
30
53
54
95
95
5
31
51
79
17
73
36
1
21
91
4
33
10
34
70
84
44
91
7
95
14
8
82
11
77
10
97
23
87
41
94
43
41
33
56
28
75
95
72
11
99
55
86
17
17
51
29
31
83
15
31
27
21
65
99
33
20
8
41
25
33
78
90
49
93
96
46
29
57
34
88
4
54
90
4
91
85
90
99
3
77
40
67
64
94
100
96
64
90
44
92
83
43
18
64
1
47
51
97
90
25
11
73
67
100
88
46
77
85
87
48
10
3
67
56
19
78
92
67
82
12
1
14
46
89
92
5
32
88
17
95
48
56
69
65
3
37
37
27
76
56
17
32
53
70
18
74
41
82
6
14
1
3
44
87
64
99
13
84
11
22
22
25
40
88
4
77
2
51
11
26
5
59
47
25
17
32
96
4
90
36
31
73
64
3
13
65
2
51
58
72
87
77
45
94
12
6
66
20
12
15
48
33
53
32
70
60
67
53
86
54
8
97
17
97
98
41
92
46
93
88
36
19
27
66
31
82
8
24
55
90
16
7
79
33
64
77
19
72
96
60
39
56
52
6
33
22
32
9
41
33
27
59
6
99
82
79
44
3
81
93
82
85
16
69
74
56
95
12
6
84
56
10
82
50
63
23
32
21
29
28
93
51
71
100
42
16
98
56
54
23
12
70
31
61
76
26
89
87
12
43
61
35
1
89
54
47
71
33
41
75
96
97
60
88
32
4
90
6
18
68
92
15
82
53
27
9
94
87
71
90
75
83
74
47
68
25
97
11
82
85
59
67
70
17
99
30
27
20
97
24
17
89
99
61
37
10
93
31
26
99
69
21
3
51
78
16
88
29
56
91
24
61
81
36
36
75
71
71
92
24
25
7
75
85
28
9
3
69
89
20
60
71
78
6
41
84
88
5
12
32
39
24
79
5
60
64
34
34
3
94
23
43
42
17
71
21
74
20
11
67
43
93
32
48
98
22
28
43
95
19
25
55
64
35
85
55
52
66
58
10
95
73
3
74
100
39
47
78
36
68
28
40
79
76
64
92
61
29
61
67
13
42
44
42
97
23
56
6
26
49
42
79
3
18
7
15
85
71
94
47
4
51
78
55
15
69
41
71
32
35
22
30
97
30
12
33
49
24
58
13
54
12
98
23
88
75
79
52
66
39
60
8
25
53
52
33
94
1
66
21
22
14
28
89
82
64
86
44
20
29
12
67
80
85
55
75
34
92
47
10
96
69
68
70
91
54
64
32
3
30
57
76
1
63
23
51
97
6
1
22
4
22
24
100
56
81
54
15
35
46
95
11
73
91
32
40
59
25
10
48
3
44
69
50
14
78
90
57
99
80
91
2
51
30
28
71
74
78
4
83
16
67
54
29
13
86
45
99
60
53
28
7
24
35
49
12
55
5
7
95
16
93
5
89
77
30
83
70
98
97
29
43
70
67
96
47
21
44
92
91
11
100
67
