69
88
62
21
65
32
56
15
45
82
1
49
87
36
58
33
49
11
46
94
38
15
71
84
99
100
17
35
36
89
28
86
61
97
23
61
62
79
90
47
12
53
55
46
88
13
38
20
84
70
38
98
6
67
37
76
10
82
7
46
10
67
49
80
49
17
80
89
14
35
29
61
86
52
48
86
64
76
84
26
27
95
48
1
2
1
90
32
75
36
43
56
91
14
24
26
45
59
38
96
90
77
12
82
46
42
76
37
92
72
21
5
91
65
39
11
80
25
2
59
90
39
45
92
2
31
89
18
96
55
46
38
70
77
41
90
89
94
48
30
24
80
83
91
90
4
84
89
33
84
58
78
35
18
11
35
75
10
91
17
100
33
63
87
40
6
48
18
50
65
32
47
96
78
93
65
2
79
27
67
78
71
73
6
64
32
46
71
99
10
72
73
61
75
81
82
74
97
30
15
72
96
16
55
53
53
66
53
57
71
80
56
2
93
62
79
81
92
54
55
86
93
62
10
14
22
66
3
92
77
100
6
93
47
23
65
79
9
80
25
75
70
32
64
82
5
51
17
80
28
23
54
37
20
38
39
10
42
87
45
43
93
62
97
66
69
60
62
25
48
90
62
46
71
17
64
18
57
15
50
61
17
64
53
24
85
52
16
50
63
80
67
69
37
83
76
63
100
8
68
9
76
38
86
38
32
19
75
64
58
67
20
34
17
85
82
68
38
39
5
19
81
95
47
56
72
40
64
19
33
43
80
79
71
44
61
39
17
56
52
71
68
94
56
66
77
66
95
29
1
92
90
36
48
66
93
43
19
15
22
50
50
20
50
49
96
69
14
67
94
4
35
15
72
70
46
83
19
54
24
68
66
64
16
52
15
16
71
10
4
15
37
3
7
7
64
84
65
8
14
76
9
53
24
36
47
86
80
52
46
24
29
24
8
94
94
93
22
22
82
52
98
2
22
8
74
40
36
91
3
78
4
75
42
70
78
92
60
18
9
95
45
59
22
77
4
40
72
94
24
7
57
46
70
51
38
70
45
12
45
32
5
84
35
68
27
31
46
97
14
85
79
20
61
32
89
71
50
68
97
79
32
45
48
15
54
39
61
71
5
60
69
75
95
7
66
4
36
76
29
